800
18 -10683
21649 -12081
-1355 9881
3980 -24270
-22488 -18401
-26508 24387
25872 14694
17439 22212
-14316 15499
14282 27543
1139 -4321
-5186 -13309
912 -14904
4286 -13027
-417 -23360
-5544 -21966
23709 -372
-18695 -6698
-18382 18765
13023 21359
-15787 5461
11145 18256
19614 -10916
-12706 7082
-5681 15342
3635 -26228
-15517 29711
12100 -1876
19499 -1263
11043 26926
17888 -5408
15388 26166
13802 24192
6317 -2932
717 -23098
21458 5335
24804 3245
-9410 11593
7081 -15559
19567 -28208
-6613 -21778
2122 15717
2132 -12577
329 -2137
-15552 -7963
6184 13537
-2627 -17968
10750 3631
11420 -16126
6045 27007
1421 21914
-8650 20898
-12643 -29868
26971 20648
10951 7377
27901 8359
985 -12677
15543 23184
1092 13099
14573 -29939
16382 12743
-16460 -23351
2807 3616
9066 -17265
-4153 -29093
-12411 9378
-8326 23035
20985 16668
-14763 13755
-3224 -25535
725 567
-21355 10339
7394 25807
4499 -10908
20634 12643
-3445 9149
13922 19950
-27421 12376
-28551 -8578
-16880 -8596
-21948 22982
12744 -5462
2327 -15469
-24893 25330
12962 -16445
-7591 18306
-21176 -22050
2096 -27192
8753 21043
19968 12608
18120 24723
995 14784
-16223 6005
22066 -9298
6747 9281
-4614 25711
20353 -12782
-1895 -11892
-19226 -20327
22528 25543
-20759 2667
-3947 -15003
24526 -6618
-22575 17602
3881 24922
-20036 23975
24624 -13027
-13202 -29971
17557 -6789
3240 -9471
-14463 28958
-10182 2952
20000 -6517
12849 -16256
8539 -9895
15861 -11138
1544 13282
-23954 17586
17740 19427
531 -1166
-12050 -444
-5759 2431
3865 -23335
12428 -18742
-19530 -5648
-3816 -5988
-18409 -11218
3221 29249
46 11762
-23213 -18848
6700 -99
-12928 11939
-10890 -10898
506 -14770
-24849 -12182
22645 -198
23517 12773
-11002 17997
10118 -16962
-28453 15118
5596 -15276
5252 -7214
22563 -16110
-17981 -23081
19862 -9111
-28854 -19996
29600 7691
625 9375
-10644 -28687
13994 -28463
-13491 -19297
-26032 17225
24661 14686
1343 -2617
19500 368
24816 27836
-22805 -19051
19951 -20499
-24967 25136
2337 -1655
15313 28533
328 -1225
-25289 3308
-14587 11935
-27599 21192
28688 -7099
-27263 -2721
17035 -18135
27653 19746
-7540 -13628
-13020 -8003
-26987 -16195
-25041 3553
10833 25484
28772 -9462
8521 -12336
-10842 -13082
-12623 -5716
19799 4047
9999 -27619
26067 5992
2659 22808
-15919 -4193
24980 11487
-17556 28538
-7188 8850
12208 -3220
-733 22454
9188 13041
23645 10300
-24456 2134
18153 -10436
22046 24488
-1085 -14921
-2322 13506
9387 -22270
-17050 7979
25109 27212
-24382 25451
-1829 -10434
-18082 -29711
-17231 -22124
9690 -7757
-12424 -6547
23650 -28106
-205 5102
24534 4189
-3801 8835
26469 -25976
-11168 -17216
15292 6901
7349 -18125
-11525 11442
-20631 10380
5289 -15306
9223 -4530
-15995 23420
-24356 -9138
-11278 -14303
15827 -15322
-20382 -17502
-13546 2048
-217 7828
-1032 -11761
-17247 4648
-7263 -16769
5556 -19683
27282 -13930
-307 1133
-11378 -19567
10300 3320
-26965 -21582
4545 -28830
247 -9128
-3707 11006
-10867 -1116
-6682 -26013
-4069 22448
24196 -3979
-4625 -16466
-13406 -19965
10945 15130
25225 15649
9164 -13734
-18206 3846
-27768 -9537
-4033 -19160
-10726 9514
-11625 -12615
-26373 19121
26785 -18839
-10221 -28222
-20245 18150
-8487 7732
12741 23485
-5972 11263
-3958 26708
-18471 -20709
-22985 14468
-15015 24809
-3252 -20170
-5534 3024
27258 25780
-20850 -11621
-21732 11385
-7198 11510
-11479 12279
4796 17552
-21875 21694
3346 -16364
1320 9946
17839 23116
18208 -27339
-18367 -20803
24977 15710
-29258 10296
-13527 -3612
-29357 1150
22157 -26708
-29352 17529
4742 -11455
-2416 -5320
-21267 -11459
-3260 2929
-16437 -23366
-629 -6539
17168 10791
-335 22799
18250 17473
-12668 21782
23549 2206
7044 -25236
-1705 2609
-7333 11627
10931 -23165
350 -8860
-8150 -23945
-5955 13903
28416 28285
14125 25048
-17523 -9431
-12357 8809
-27696 24188
25055 9153
13904 -5117
-16204 -28139
-10859 -2043
1123 -22163
-18180 4982
12700 -13190
20622 812
23957 -25670
11503 19466
-8753 -1711
6449 26515
11317 -18277
6275 -20266
-828 518
-14326 -16176
-14038 -4657
-20532 -9303
-28624 -20034
-15811 -12588
10504 -20115
-18308 -1543
12107 -13662
-6787 10456
14315 28884
24803 28148
-376 27699
-25161 -25391
-21009 -13089
-6805 -27285
23924 -7753
-18678 -27223
28568 23014
-1351 -7024
29825 -21635
-14016 -8722
-2731 -4988
1796 7277
-18728 -17577
23740 -17628
23023 29541
12683 -24193
-29166 -19488
17479 28658
-11085 27972
-25028 16523
12935 -23190
9071 26854
10202 5579
9797 -8818
26310 -9085
-4982 -7377
-25277 -13772
19648 -17861
-15867 -3667
6475 -26965
-3482 -930
-20446 23375
28380 11478
25336 21528
17729 11714
-10796 -15776
17333 24448
25003 11509
20422 18244
-23103 12056
21631 15695
-15257 15825
-8657 29981
24666 11980
11786 -15502
-12257 24404
11296 -25332
-25746 5802
19403 6808
267 17028
-15222 -25710
4073 718
15747 21019
-13576 -6006
-20661 -22018
24704 12054
13486 6403
14403 -21766
14689 2901
23462 19108
8164 -2000
-8746 -12066
3678 23117
11805 21844
10302 -13397
-10081 10005
-7543 -18148
22415 15032
-29370 -16518
-14427 10460
3618 -27050
-16804 22662
15021 24
20537 26545
16538 -13781
-22903 -27188
4507 -24335
-12549 -20109
22069 -9164
17401 -8245
-23706 -23450
24207 -5933
17464 21521
-6591 20820
-11606 -27618
-28075 9051
-7657 13551
-23061 20918
16592 2578
-20878 27167
-12631 7566
22769 -10442
-12075 -1937
5504 -15838
27191 -28337
28839 1620
-21878 -5
10823 7697
-14819 73
-20939 12534
20442 -13594
-8519 10907
6745 21568
26810 -4550
29796 28856
21191 128
3897 19933
-2575 -5760
-28937 -19477
-10535 -18208
-25592 11583
-3243 10204
2897 -16938
-694 7066
-6725 17745
18457 -149
-17798 -26148
-15807 25942
-7645 -6598
-23621 -13796
8048 -14513
-18635 23477
23696 11676
-17212 -22830
-4348 -15388
-23945 -28962
-11048 -6857
-7140 11330
-3750 -23140
3270 -24630
-6207 10582
-25472 5402
23288 19106
9736 -11854
20726 -11443
26206 -10850
-3854 9973
-12818 8413
-27149 -7200
-9294 4446
-5017 7646
6635 -21166
19337 -7202
-13910 167
13111 28869
19805 27409
-4146 -8893
18115 18764
20571 -6377
-9657 8026
-94 3544
2074 -26825
-4919 -3018
1759 -17474
10800 7748
-28136 18638
42 2467
7792 16431
-3079 29632
13396 27302
-5967 -16626
-8027 12039
-2510 14598
-2253 -2724
-20826 28652
2671 14853
17250 -18900
-14940 957
-21509 5980
-27453 -14832
24993 17565
2003 -23653
-10042 -15811
-13378 11680
-21468 5887
-11539 -19020
-1098 12519
9042 22576
21362 -28541
19157 22439
25044 21327
-10938 -28846
-29795 19664
17763 -3757
-18463 11778
4090 15305
8055 10554
-7886 -15665
-28617 13675
13018 -24801
26368 -18225
-5938 -15264
-19409 -18582
16727 1476
-2418 -3823
20791 20081
6779 27195
20493 4533
6829 20666
-28807 12278
23851 23456
19794 28399
-23771 24289
-2684 -7622
-13899 -3251
-4834 10391
-29473 20143
23310 22782
27588 -26616
8614 8365
-11688 29682
13761 -9316
26327 -18389
7184 -1901
-2791 -7994
19852 19288
21671 17836
19402 13902
-26896 21540
22024 -27102
21835 12118
-19277 -7906
-6112 26344
-5064 17364
29763 25178
-19628 -885
-5094 -4393
-29612 -14422
-11990 -21858
-8341 23189
26148 8893
-8781 -16531
20154 2023
-25617 15566
27492 12724
-1397 1986
-8356 3009
-4721 -19419
-2161 -28216
22099 2094
16613 -18892
-18778 -9675
-4002 -6788
-19602 -2572
24622 -3203
15453 -28947
-16891 -21171
-5166 -9240
-15000 7203
-12177 19269
-16166 -9482
23550 -6645
20791 16306
7164 -7651
23692 -7704
-11660 9465
22340 7415
-22030 20488
-798 -28140
16749 28438
-25320 -12672
12269 -10827
-2186 7689
8613 12413
-5477 -22974
-16189 9248
19138 -19471
-21193 -29831
6502 -20201
-5953 -24213
16421 -350
15070 3064
-3878 -24046
-26369 15867
-2460 -7876
-13968 3426
11447 10522
-4597 -12053
-18666 28129
2084 6918
-24008 19743
-21173 -4354
-6706 -4090
-9936 24580
-16947 -618
11424 5341
-13140 12927
18947 28981
-24697 29942
-8953 -5357
3950 735
-12632 -4730
-29394 -17309
17094 15239
-19098 -9409
28120 272
2302 -29041
-4413 -5944
9907 28440
23084 -18601
19919 -16772
-23395 -15649
-25342 14279
20671 -12811
2906 6669
-2389 -23073
-16421 -28614
-23549 24989
18442 26240
13505 -17181
20501 9749
-12677 -15764
-26100 9203
4565 -19584
-17420 23112
8464 -12013
392 -27242
25270 17280
-10328 -27243
-13231 9146
4520 15626
-8062 -18870
15439 22290
1275 -18719
-11489 27308
-1065 -12569
16456 -15824
11549 -13346
-14726 1934
21812 -16247
21480 -12189
-378 4675
-9501 10096
12026 -11585
-4398 -21931
20330 -16715
-17465 -5023
-25059 -6191
-14482 -7836
-4315 -12164
-20021 -9187
-9352 -5503
8497 -997
-7483 14537
5584 -10553
28356 -15901
18296 -4094
28127 -23093
28101 -21732
13476 16362
-16881 8087
-29621 14299
-21132 21718
-1247 -11595
-26706 -14453
-24388 -10598
28111 -16862
18592 -19929
29243 8035
308 27901
28468 -27518
-18362 20311
3204 -29763
-8252 1134
-10293 21902
2735 -16357
27877 -11005
205 23530
7830 29610
11345 8327
7155 -8725
-23182 -16798
-15764 -24710
20761 -8401
-4099 -15114
-10360 -24438
-12450 -19883
-27094 -20727
2290 21814
-12472 -22601
-15231 -9734
3175 11512
-25012 3136
-12165 -18567
21684 -4315
-28476 8399
-18992 -1627
-26526 7930
-13034 -26489
24723 9601
-19149 6443
18651 15377
-13484 29476
-7880 -24578
-21662 8198
24321 -23048
426 -6544
3590 -1427
5301 26176
2396 -23257
-7147 7407
23957 -3825
-1427 14147
10833 -348
21799 -11477
-18749 -25308
-21559 16575
-8072 7317
23036 27995
-7094 -10490
13207 28041
15165 7820
-1456 6660
23518 853
-18991 -26407
-6210 29618
1366 -7269
903 -18508
27848 -21678
24788 26100
-18413 -18122
-11465 -4151
-11281 850
28062 23263
19751 -2854
-4307 -8723
-23005 -7402
11733 -3305
-19925 -2191
19308 -17791
-7697 -4640
-2087 -22913
-28001 -24566
7274 -29306
-2264 5264
14070 -15948
-12998 8494
-14990 29448
14932 28045
-16663 -27584
-19697 -12099
19282 -20012
-20740 3000
26950 1217
6359 23781
-3166 -29510
20816 13273
4205 11616
-29327 -7438
2689 -14239
-23346 29555
-12184 26921
27790 19432
-26682 14817
-15151 7529
3451 -21638
7343 23621
9599 -24136
26506 -22510
7389 11955
22775 18262
-21272 1136
-125 15068
-24636 28873
-10190 -18558
-2391 1551
-22655 -21020
-26164 25868
20589 23836
1842 4722
8049 18854
