800
-209 22903
-28630 539
-17614 -9485
-14310 29970
17087 15697
25743 -7334
-20008 -29130
5350 3400
-26658 14120
-20142 -19050
-7910 -23580
4001 5264
8291 -13049
28155 -22690
-16559 29656
-16528 -26504
24580 -7394
-20252 -17917
-16950 -5139
19968 25477
-28924 7820
-998 -1030
-16827 19638
-28109 17467
-7832 -28744
-7334 -26141
17665 2103
-9486 -13255
25821 16814
-17153 9679
-24149 -10829
-11750 -5554
8172 6015
7577 -25051
28416 22915
-10505 -27509
-8025 29754
-2559 -27441
-6674 -18506
18013 -16823
29586 -27310
-13533 -6030
4547 13104
12554 13776
7125 9341
21263 -19998
29607 -22449
7246 27512
27615 -12511
-5105 12802
23521 1908
-3032 28375
16417 -28898
-10936 -13107
23833 -29686
13639 -69
-15903 -17984
-12379 2905
14786 -3654
27639 20575
-6530 9562
24873 -13226
-10762 -13233
10583 -10791
-16886 28501
-8023 -13597
27161 8588
-1498 -25501
-22008 9314
-27746 24037
18102 2171
28791 -19096
-15562 -6747
-13879 16004
10057 17918
-14455 -9413
-1001 4182
-18422 -14666
-12679 -7280
22863 17616
9912 -17728
-48 11064
2720 23063
16629 6749
22081 9891
20934 15326
22073 -17743
-21075 -29270
20763 -24806
-12656 -2421
-12458 24754
-6354 16567
27323 -11919
-24315 11630
11590 6511
7385 19964
14793 27622
28180 18201
-24394 -18807
14943 -3756
-26309 26692
-6864 -11035
-29225 15522
28834 -12724
16330 -7737
-25153 -8668
24252 18493
-11594 28515
-16833 -23024
-4652 10169
16219 -10280
-7789 -9150
18127 9225
4042 9596
-898 26846
15501 19614
27569 18192
18326 -14199
1754 -16567
-3598 -11964
21624 -12765
11263 15535
19786 29905
-8657 22358
11439 17054
-12932 9445
28246 -7431
-13573 4474
8806 -21121
12287 -18536
45 24573
19881 -13601
846 -22679
25568 -13402
-17237 27546
-3755 -3079
-13397 -27885
-14895 7728
-14637 -29187
29024 -11624
-19478 -3130
-12481 -2259
-9484 -1191
-25993 -13777
10609 -15904
29072 -24290
16149 -21222
-13443 15092
-29081 -10148
-8477 28782
19523 6261
-5421 -16922
13106 5816
-1118 -25148
-7041 -858
3370 -2380
28951 -24093
-23602 -27014
28060 -28252
1102 -13638
12603 -8033
19458 -28959
-20689 -4789
-15369 -19734
-29675 12340
-21910 -15990
-839 -25808
-22895 15714
17135 -5231
-27744 -18531
5760 -1008
9019 28950
-28585 18069
10569 22525
-6201 23808
-1837 -13289
10055 -20084
22682 15393
-28413 3586
-17925 6484
-1197 -22594
28961 -14763
119 -26706
19684 9511
18783 -20465
-3149 10394
9006 -12848
28472 6570
-19996 -29304
15709 15339
4862 -22549
22372 -28579
29470 19377
-3785 20081
19982 25341
-9484 12859
-20650 -6415
-8875 27879
-13296 -7045
-18166 -12798
18429 6207
-18609 -20238
-11596 10875
-27864 -26427
-10185 3673
-22555 -12744
-16077 21966
-21480 -6861
16825 3936
-25272 18191
1746 25440
220 -16863
7150 20718
-24181 15214
-17043 3987
-43 -23106
-12762 21912
-23432 -25042
-453 -26308
29833 -6189
29887 25311
-14729 -19465
19891 -27712
-14649 -19797
24538 -10213
-6378 19238
29700 3921
20942 -7714
21427 -10443
-10665 -6590
-12271 29257
3917 -19158
-12062 -5218
-6242 -11415
23117 24748
-1572 4352
-6880 8497
16388 -21538
19142 11801
-22787 -26768
-5620 -17166
1322 16984
-7161 -14187
989 27018
27906 7122
20582 25831
-3606 23622
-429 -4872
28631 -9259
24646 -20508
-17824 -22777
8845 -22320
-26710 -6020
-14340 -14624
13590 -4186
-16405 11041
9099 18641
11398 -18217
8808 21389
19556 18092
-9583 1570
20186 900
-8709 -10135
-22376 21401
-25128 -18385
-26344 -26599
14019 13912
-25102 -20958
19699 3405
6077 -938
14095 -5733
17790 12407
18842 -24325
16340 -16944
11670 28949
28230 -28335
-29045 6143
13077 29710
17752 12906
-10972 -2993
2099 -24387
-4884 13414
11962 21406
-11837 13796
23679 -3893
4650 -21525
11511 -4596
25117 -10212
-9039 11913
-3528 5657
1900 -27018
15198 -18319
-28688 -17571
-2399 12329
-16552 3473
28138 -6060
-16313 -16401
-3083 6366
17604 2276
-29158 28387
-9377 -22426
-26945 -3133
19501 28790
-15208 -29373
-16086 6983
-9068 17952
-12249 20708
-12098 -4708
3100 -2638
18452 -1914
-10095 3953
-20147 19791
-27571 -12890
21302 18790
8433 -15746
21186 -21430
-23417 -1768
13729 15909
17046 28281
-1578 27008
-27382 13804
23238 19793
23838 -18803
18083 27477
-1351 -12865
11789 -17898
-12737 -3276
2261 -20722
-8679 27638
-23509 -6154
14419 10253
13664 18163
-11949 2072
-9532 27374
27558 -22144
-7034 10442
-14919 -15083
-22760 19431
10021 14561
14246 7930
8573 7704
-15458 29434
-25644 29761
-13696 14367
13151 7
-492 1442
10074 -18298
11023 -3486
-21566 -26549
-1630 -18012
-8753 29417
18877 9476
-28158 23338
23422 23908
10647 9481
2014 -5753
-15979 -8821
3785 -23892
-23954 893
16669 10460
-25981 -20548
2609 -566
-20690 -14603
-26477 1354
-28013 -28883
-5848 6783
28315 21678
28672 20109
27012 2893
-626 -4500
2432 -12490
7726 -25966
-12830 18151
-8861 -6847
-9499 -25907
-21497 24947
-20143 -7758
-4308 -9336
29316 -13254
7381 12452
-20696 25220
1673 -18101
14164 10430
23370 20896
-23334 -5463
-17826 -26388
22175 7405
-2750 19841
4639 -29200
-11270 -17212
-15174 28824
10089 26294
326 2810
23450 22053
-4064 -5938
14749 4304
-8794 -678
-22349 9517
-3249 3203
-18788 -13878
29488 -5007
18493 14388
17690 -22853
3637 15969
-19626 28928
-15005 14656
-21979 5603
-6208 -26566
15932 -26771
-4284 10833
-27945 29243
28441 12713
22424 8313
-25048 18474
1306 -11855
-18118 -3851
3270 26652
-19551 15595
-21997 -6222
26489 -3445
11046 16007
-9195 1328
-65 -17888
11474 27097
-14697 -26609
11209 4631
-346 -15768
-1561 -22097
6120 29100
-457 -21538
-29723 27092
26300 8131
-29542 -16584
-10572 19083
-25364 12012
20371 -5828
12166 20629
611 26723
-28503 21030
2652 2508
7302 316
13834 25811
24278 22475
-28421 -26962
746 11077
-8993 13341
25317 -26355
16285 6759
-4452 -19181
-14890 -23067
5232 16589
12926 -1392
-29809 9708
-29498 -12711
-27205 -25147
-10652 4144
-1262 25771
507 -4721
-22259 -19117
24623 -25723
16290 24096
14722 19199
29372 9742
-11306 16547
6308 -6849
-22984 4479
-7045 8922
27316 -1432
-2744 20615
-146 -8468
21838 -24397
2731 26493
-12796 24603
-7367 28629
-6340 -6141
5800 -19672
23715 20520
-5765 22564
-3654 6732
-19974 -24628
-4164 -15708
17623 -8424
-13100 3650
-12731 -6704
-19195 -1267
16402 26374
28703 13520
15315 -19849
15542 -5501
-29522 -15408
-17902 24069
5756 16122
-22399 23872
21412 -12211
12267 23086
25210 -2310
26762 -19023
7387 -14660
638 -10788
-15108 -29887
2201 15558
14865 26138
-11302 16216
10707 14132
8206 -28988
-10423 24768
-13035 -25113
-22604 11807
-12641 16681
-12964 18725
-12088 -376
1909 -29641
16219 -12783
1309 -5150
-12882 -4153
-27101 27685
-17375 -10742
24236 888
15786 -18910
-4119 20542
-20208 7685
14314 -29980
17171 -25960
-9669 23501
23044 -6433
-4670 23226
-523 26971
22761 13062
12331 -16292
14465 -20309
1926 26412
13212 -28387
-22434 3146
-13781 -13375
-20861 -16433
3824 29904
20141 -9963
14776 -21570
29319 28206
-19020 9448
8024 9201
10926 -8158
-25290 -21058
-11167 1932
-20383 8207
9212 11995
-13852 -19653
12687 -8412
-29519 -3504
-23010 19471
-6673 -4617
26660 322
1616 -18953
14751 -23374
12941 19542
-13469 -10835
-9337 23095
13500 -20621
26833 1038
-27317 -15665
26538 -4340
25038 -23132
23668 -18311
6447 12398
11822 -27832
-20751 29941
26638 -17540
-26560 -7586
-23342 -20494
20876 -19328
23505 2222
7118 -3064
-13158 -19876
25619 -12741
21456 6530
2107 10324
14284 14839
-22232 13953
-8984 -2655
-9277 -29510
-250 -1796
-9517 -21302
-10808 -26865
-10205 14226
2197 -14074
13065 -7394
-14170 21482
-17762 723
16691 16224
27029 -17319
-22808 -15544
27535 -5478
28847 18676
-9536 23869
10585 13573
-20153 -22954
-3715 2425
-2950 -12568
-12992 -10511
25624 -1515
-13059 -3070
-25491 -7539
8807 4530
27646 -28545
3913 4381
11807 -412
29038 12426
7158 -24253
20897 -12239
-15368 -27504
401 12031
2231 -8647
-20863 22067
-26329 -14477
23980 -7604
-26389 -2409
-2307 -156
-2738 11379
-29609 23166
-17849 12242
13133 -29611
26271 15272
-20435 -10763
15013 -16273
13879 -24659
7676 18044
8561 22528
-17854 9815
-510 -14148
13550 -3286
15516 -29487
9612 -4165
9350 -4278
6368 24997
143 19860
14200 18333
18933 -6808
-20933 20522
29856 -26401
11009 -6877
20190 -11160
-10225 27100
-28754 12462
-15656 -19330
12508 10001
20929 -29336
11772 -23534
-18245 -18484
14577 -26673
-16147 6672
29393 -20197
-29884 3134
-12427 13199
-25950 -29741
10689 -6702
-21639 29998
-23393 15269
-15163 446
23454 -28977
15743 -28702
-14313 -15870
11745 29661
-3679 -7294
-823 29119
1142 -23752
-21095 6275
16991 -18826
-1040 -2559
-1169 24074
-24289 -5466
19371 18434
-23365 1998
16822 25142
-5136 -9225
-3095 -4579
-18325 15938
13176 13588
-14070 -21023
28325 -17442
21531 871
-9177 15988
5408 13217
29025 12359
-28332 -29351
3159 -29878
21413 -20764
2953 268
-17188 -9057
-13309 29201
10153 -11939
12966 25965
-12893 2823
26958 15704
-19910 -10112
13156 27647
-7941 -25341
18112 -8825
-29010 25778
14260 2113
68 9227
-23763 -14708
-15004 734
10649 2958
18952 -25586
-19502 24535
-24124 -15451
-22483 4981
5448 -24459
-11186 8606
-28015 15812
-24214 19105
17972 5679
-12595 4059
-9242 19575
-19302 -27612
24064 -2106
5998 -17133
19713 4023
-9662 11552
-5195 16103
16248 -8296
-7355 -26798
7465 23407
23742 24141
-28237 -18766
23039 7671
-28042 7215
443 28448
-14935 -667
5305 9794
6056 -16014
23468 -5122
-25276 -8841
-27048 3909
25976 13194
-14885 -12461
24189 21279
4185 21171
-7895 27132
19508 28513
-13572 -10885
16953 9833
-3608 18691
-16633 -15242
28567 7938
-12882 -27518
26688 2212
16587 20396
28193 245
10347 3334
10313 -25260
10393 -27052
-7819 25780
2517 -2332
-4289 4910
-13556 -9372
-10485 -24513
21191 -10553
-24075 -9860
23982 -1254
-3350 23301
-26958 17831
20381 20767
-22835 15401
-11813 -10153
28930 18719
6027 5884
26907 29724
-11650 27762
-25934 -17379
20735 28130
-4334 2778
14513 -19473
-27164 -21370
-19236 2734
10012 -6608
-9548 29158
1449 -7968
-28637 -29991
28066 -3127
-24668 -1413
-12546 11530
23670 4498
-3785 11383
-128 -12914
-4842 3551
-27790 -24429
-7907 -1133
-22648 5039
-11199 1792
4161 11739
11280 13121
-29168 -18015
-25938 -25963
-26507 22230
12368 27469
4124 21302
24675 -18709
19049 2003
4849 11290
