800
-10878 -25519
-10123 15233
-8889 -15778
2919 8301
8584 -3236
4284 194
14739 -3548
-6982 20044
-6073 -2398
-11240 24823
22701 13791
-22799 -7875
12231 -23646
-22500 -15648
7229 -14195
22494 23929
-28002 4340
-25465 -9317
-17129 3358
28052 -13704
25877 -9238
21912 -27870
-14236 27729
5250 -6919
20381 -11374
4124 14735
-3333 -27971
-10033 -14304
8940 20330
-17624 -22693
19429 -19754
-7303 1273
-12477 28585
14506 -4767
28073 -8301
-17543 -1163
-11083 -11741
20417 -1303
10876 688
28841 4994
-3785 -9384
13605 26896
-15615 -10219
22244 -21379
13558 9148
-709 25058
13277 17811
17816 -13712
29996 -25243
11576 23350
2208 -29504
-3938 3857
13327 -27968
-1658 12348
-12404 25441
-13089 23952
-7268 13328
-21432 13544
15314 26021
17939 6966
-665 -29751
16956 -6989
-13906 -29218
-225 16363
-3213 -11165
-23897 -9763
-6910 22150
29050 -10721
-19295 -29891
-12118 -29129
-10031 -8012
-28731 -13237
-1440 -6999
6597 -6783
-7805 11170
10652 -18367
-13190 12778
-13085 10439
4680 4728
-20659 9495
-25764 -24635
-23667 7521
28646 22344
-4777 327
-29710 25597
4856 -1278
11761 27513
23484 13828
27361 18542
-3930 -8597
10817 -4409
-16888 12538
-28062 -12561
-11228 12548
-543 9025
21311 8699
28396 14663
-8713 -6298
1491 -17173
-8686 -29850
22991 3235
-5616 -22274
-9625 -19128
10202 29510
-7891 -24940
-19212 29405
3424 8535
29002 5626
21358 -6796
-22895 23424
12842 21559
26345 6992
24691 -2015
-5339 -27761
20686 4864
2245 -17158
27672 -15216
-27761 25269
25434 -5885
-29307 830
29315 -5564
15531 29685
-6323 -25100
29764 7127
401 -16131
-25156 15338
-3525 -5785
5148 29854
-6792 15327
6526 -9365
-6231 -27633
-22508 8089
-9962 6612
21554 20857
6952 -24305
-16124 19146
-22640 22711
-9937 231
1883 15395
-12316 -5345
-3030 24655
-19893 -10222
27611 18619
6242 17867
11695 -24990
-4252 4620
-747 -3537
-8825 -11774
-5999 10356
2918 -8793
-15802 29434
-10549 -27530
15716 -11414
9278 13449
675 24169
-9695 29833
23491 16022
19684 -6786
-4126 16607
-11231 25772
24153 -16246
-19470 1506
-13299 1593
5621 7014
10329 16882
-24794 13910
-15675 -21637
10053 12384
3009 24326
20689 -2380
27321 17458
13807 -26021
18923 17104
-19383 -24598
18668 25085
-3604 2766
19485 19915
4445 10761
14231 18423
29989 2624
25214 29070
21306 10093
17073 10090
3407 17668
12384 -29472
17649 -2799
12738 9316
6731 -1321
26863 -7355
-3837 -18423
5488 21934
-6699 -5017
-11796 -17575
-27281 -18967
-18159 -18766
23799 1457
-16121 11914
13311 14986
-4668 23686
-3874 -27441
13278 29558
12809 24489
-2300 25776
-2872 15281
8723 -4903
-6331 -23052
-19947 -4433
22220 -21979
3468 -25288
25944 13688
-23670 19835
-20145 16800
26840 6679
17586 -28886
23217 -13410
-12391 9213
8076 -500
20179 5792
26829 -29913
24452 8928
27531 17132
12218 10912
28827 -1744
-27632 -18421
-13717 -9338
15270 26343
-27692 2655
13578 23399
19808 17507
22486 -22669
-26167 27452
-7485 -9237
2007 -11127
-24956 -17177
22533 9563
24482 -17933
590 21131
-21336 -18855
20185 26559
13116 -5123
-29692 -18826
23379 23232
6586 -16684
28475 5508
20194 20656
-10873 -2861
29129 24825
27518 7509
11335 1748
-23693 -10203
-12502 -352
10361 -1392
5305 29051
-22108 9480
22900 13130
-4836 2009
27643 2626
-12732 20953
-9041 -5354
26709 21272
6519 17772
-15306 22761
-9518 -23106
-19586 23944
438 -10281
-5488 -7750
8066 -24743
2599 -1013
-22817 27418
9681 19484
16504 -5255
-6890 21453
16558 -7225
2877 -16517
9811 20881
12212 28481
10792 12948
-16877 -17588
-4769 23103
-28824 4580
3791 -15143
-6637 -16603
-4546 -3762
6858 29572
-9579 -20454
-465 -23110
29314 -8492
12351 6613
-16986 23356
13601 -29885
-23249 4015
6923 17577
-10155 26959
-26459 29742
-7022 -20388
-10980 -14301
16678 10941
1266 19977
-12550 -2412
-1082 -11333
8519 -25570
23401 -22231
-18000 29296
14691 15403
-6325 -3928
-3610 22360
-6133 17664
17798 -20571
-25855 13208
2140 15794
-18507 -27243
-7002 -18056
-7302 24337
5614 2344
11537 -29244
1953 18263
-14875 7061
-5970 12001
-8956 -12758
18726 -28061
-29436 -23851
23674 -19522
2461 5532
18142 -18256
4566 -22097
25136 20515
-26430 -3199
-17211 -25660
24879 -21048
-20510 3673
17619 -8701
480 -22051
-12790 14472
-8467 -24577
18351 -12535
-3993 18734
-9017 -7427
-27953 -28310
23764 21957
-14687 9505
18335 -23255
5577 -765
11768 -19712
-11530 -27258
24848 6109
-27828 168
-6220 7662
-21624 24847
-28865 -6361
-11040 -26309
9167 -14743
-27064 -10195
4251 -2018
14051 15875
-15795 11507
28402 -18252
-1879 1417
1962 28436
-9678 -8150
-22560 6999
24922 -17207
7557 722
9528 10583
-219 23778
-27377 17549
25955 -27702
2346 29776
10115 16828
274 -2055
-21006 17786
23093 -25176
9856 -11411
20320 10271
-27831 -27068
8677 9407
11159 -17528
5881 5716
-19446 -18564
-27383 24956
-18482 -21051
-14549 -4349
-29164 15185
231 -15737
29631 -14404
2658 -13852
12175 -2035
16335 25157
9120 19165
15135 -29919
683 19759
5051 -17082
-6464 -1327
18959 -15473
12830 4299
-3189 19639
15301 -8820
-5355 21436
-27577 -15714
24694 -20013
20094 -22655
14803 18697
-8441 6050
-13237 2203
-26635 10867
8464 11361
-26726 18933
-13573 8922
-28578 -9995
-6272 3697
-27568 -10871
8612 16946
-25385 22578
4370 13231
5933 19713
-13143 29219
-20960 18983
-7657 -15553
3079 18607
-3733 5527
11419 -27103
339 -29747
10193 -15385
-16290 -9136
-23165 15466
7271 -27680
19189 -21952
-84 25470
24064 -10683
7718 -19618
-26728 10855
26443 -4613
2950 25883
-28846 -6904
-6079 -29341
-7139 2341
-9606 22924
26636 -462
8016 -26906
24343 -27262
7986 21930
-997 -8248
21212 -20013
-13879 -17310
21819 -14829
-20601 -3282
-21989 -17379
-29280 20791
-9976 7175
-6715 -29147
3001 25155
13228 3067
-27094 -1280
1250 9517
-14807 -19866
-3340 -22852
18536 -21998
-7447 -22650
9822 24806
-18499 -23082
-29828 -13198
-11471 -2399
3039 3787
-15374 -21243
23670 -25665
16045 19673
-17084 26443
14595 -1256
-9656 -15078
5685 -14934
21828 -14209
-10357 25968
2765 4934
-1748 6474
-1540 -22202
-8499 25628
-14648 27641
5827 23191
3920 -3307
-2566 -18886
27969 27098
6662 9303
21191 -21158
15219 19010
-23589 11902
-27918 -11986
20785 -28808
6828 29595
-5495 7250
4068 -16407
-3043 3953
-3960 -7877
-21856 23858
1989 -26704
-20395 26376
21480 -15805
-1824 8467
-14029 -20330
5066 6600
29398 -3977
7674 -10163
-17658 -23495
18302 1906
24953 17560
-17848 -25805
4168 214
-7243 -19866
3955 6157
-27050 -26024
5468 -22421
-14271 15715
-29241 25347
-5300 -10283
3848 1217
-19152 24917
-26159 -21444
-2085 -28434
-11 9078
-4660 -16189
-26098 12695
4129 -7882
13454 -26121
-28618 18317
22949 26000
1419 27039
17476 7039
3806 -28280
645 -18546
11888 -6623
-12863 13222
-28927 -20847
3628 -27922
-25311 5207
-3797 23730
28227 -6347
8963 3834
-8890 1705
-4865 -11669
-21920 -13123
-1133 -18300
23590 1511
-24550 2985
-21955 25137
-2590 29608
-26489 -29260
-14899 22897
-16015 -24026
15143 -13726
3522 -25680
23864 16266
-24070 8789
5375 -23609
-11647 -29927
-21055 29266
-1112 22317
11252 -4424
-4018 29288
-6425 -1709
-19995 2865
5384 -17017
-16236 -27878
5050 -5870
6485 10434
-6241 1549
-6300 -27660
-4931 -3132
-2196 26949
27129 -6481
-27786 -11197
-24363 -23145
-25990 19993
-11115 2445
3719 9089
20640 -22720
-23625 19094
-22835 4538
772 24200
304 -23090
-22363 -10328
-4429 27008
8560 -21022
8694 14716
-13277 17562
-28891 -8889
-4046 16094
-3390 -27966
29431 -14092
26157 -1052
20188 -14993
-2356 485
-9203 16563
-25803 2612
22356 2146
-19628 5703
8386 25451
-3422 -3945
-7973 2732
25663 -2392
-23706 -25842
-20772 16683
-20958 21226
3746 21421
-9788 -798
-5103 23105
21917 8963
-27068 -19044
-8460 -5662
4734 -8832
-7808 -9310
28499 2360
18030 -8161
-18061 -4505
2522 13862
23469 25319
17398 15930
-15809 -21425
-22366 -10556
-22069 1690
-15872 18520
-26506 3147
7012 -5395
-26810 -3269
-12056 19423
14477 -2249
14730 -13563
14160 24486
-23286 21895
-24107 -7316
10639 -8050
-28065 -9004
21244 13821
5387 5342
-16754 28939
-17175 -15880
-4058 -6852
-1982 -13275
-13219 5471
5856 -22844
-6943 6603
-4416 9177
13330 -28818
-29886 -6435
-3188 13933
-15951 -571
10980 -19207
1923 6476
-7942 -5627
-5905 -11015
-4942 28115
-8579 -19912
10560 -13050
-18466 -14307
2081 -13573
-4254 26447
7717 -17223
-18611 -23352
-12448 -11446
-29344 -19252
2929 17190
1885 9231
-1662 10709
-565 -17890
-6470 -15934
15281 -10079
23746 27343
-20939 -14549
10223 15984
-1321 3056
-22679 -24648
-6188 28641
27437 -6579
4427 -6540
-13320 -15401
-7314 28622
24228 -16678
-10088 26874
-10675 -4831
-3617 8211
-12132 -4203
3130 -5975
-5770 -21407
-10609 -2038
23437 9144
-23704 -1868
-7272 -6122
-25539 7701
-28712 3762
19568 1580
5161 26042
-27332 -24912
-19283 -27462
-15358 21153
6698 -19766
1308 10875
14286 13000
-15239 5873
4736 11009
3199 14850
19385 19958
22059 4908
15250 -24083
-1248 19192
27693 -15165
-24278 -17307
21273 -4408
-28115 26187
-3914 -12985
-20799 -27369
27139 16120
-18190 27139
-654 2360
-6166 545
-8253 -9520
-22576 -28194
23904 1649
-12095 -18489
-10316 -26890
-22840 22742
24233 -1096
-23566 -7275
-8027 18289
-538 -24119
24786 20642
8105 22757
6594 -29517
-19982 -8733
-23811 7733
17461 -29644
23706 25221
28376 18736
-28023 29141
-12361 13737
13981 21322
13027 20759
9228 6250
-27550 3415
-9211 16115
-28530 -5819
23781 -23119
20710 7403
18148 8375
23453 13872
28210 10117
-10051 -20046
-14918 12722
-11465 -11375
21337 3928
-24991 13110
-12567 557
7558 -13337
-5180 -178
29818 -24211
12776 14790
15186 -1464
17500 23054
-9682 -18388
-9334 -19290
-5579 -18558
22301 -13554
-28385 -18476
-12113 -8771
-8659 -2875
19995 -22683
-3304 15325
19941 12941
-28895 26929
10638 -26112
-15584 -7199
7495 -181
-23500 9927
29440 -20298
7279 21511
4157 -15535
-12413 -1841
-12278 -6070
4161 -6363
28022 -5268
-27701 15715
9007 4069
-18707 8633
-29879 11868
-17776 -27546
-14320 7826
18890 15772
24173 -5778
-13554 -586
16230 2804
-9744 -29682
13258 -9652
-6761 -23338
-15340 3342
11601 3891
23995 -14068
23369 945
-1202 20651
25754 -1261
-22841 -21902
3136 -19591
-29409 4724
8749 15992
25292 -21691
