800
1570 -21817
-19237 -15929
-23853 3142
-11207 -23806
22582 7145
8839 -881
-15880 27243
27104 8945
11837 -29744
29946 -20421
-15825 4473
-25353 -24793
14290 -29352
-8171 3991
-27795 -21609
-12338 3356
13902 18728
-11684 22473
25302 -19969
27470 9511
23589 -28825
9337 14414
-22572 -9910
-7179 1237
-19290 -12944
4425 12182
-6617 -15455
-29857 -11520
-25972 26235
-203 1704
-7018 -29642
9054 1571
23239 27490
-22295 14353
-22579 16850
-14235 -17391
-13887 -18336
4757 -5557
4968 8960
26109 16525
-2122 -27180
-14128 24256
-21031 27980
-22785 2627
26612 4822
8725 15460
-17057 -13234
-1582 -284
18161 -25842
17018 -11313
-21405 14350
6937 -2996
4862 20198
11174 22327
-1892 -21762
13377 -2195
-22900 -14152
29114 9239
22766 -27417
-7613 -15397
-24659 -19112
-4902 29126
14855 19000
22289 2167
23499 -22257
18639 5190
19223 12765
-22553 -5569
11417 24848
-14405 6856
-6623 11126
-515 -10640
-26508 -28718
-13137 5972
-18887 -28747
29172 2373
-18588 -16755
-13686 -15801
29700 -16728
13566 4655
10665 -23073
-10316 5863
4079 -10650
25760 -12915
-753 -3362
-2519 -10478
-20131 17058
7942 -12532
-26493 -14518
22540 -24196
13179 -24921
22351 -23476
-10995 13931
5731 1339
-22578 -15480
27198 -7767
-3516 3371
28807 14305
-9595 -27675
27990 23844
20282 14621
3029 9211
11568 -8167
9238 8128
-24732 12717
24650 -17075
15345 -3472
-7861 -29491
-11473 22660
-10351 16434
2841 25837
8395 18818
5206 2794
-7348 29309
-26941 -19654
-24117 2390
-16336 24049
20345 11643
-15951 6231
18976 -23538
18496 -10939
14666 22146
-1430 21065
20270 12797
-26542 -23315
29515 -8994
-18603 9772
-906 -29324
26392 -25500
7832 -14198
-11730 12960
26433 -1479
8248 11000
-29245 20948
-17705 12094
-17599 -23804
-20842 21196
-10861 -19243
-3967 -25143
5423 28395
-643 22625
8310 -6637
-27524 -3713
-22799 -27527
-12520 -5955
20147 21983
4008 10135
-12872 -11703
12338 11976
-20417 -18898
4135 11307
-27350 19015
6720 -4794
-20310 -18072
-5808 -28874
4211 -17651
5190 -7462
-11011 -17386
14722 11021
-13461 7414
-15509 -7225
1788 17394
-22722 -6163
1296 22128
-11178 1235
-24049 19122
-6485 1719
-24171 27802
-4527 -14038
6585 23839
18782 3252
-15676 -13051
2503 15272
-16202 -18843
-9029 -21162
-16046 -3294
-23655 13590
13309 1159
14033 12930
-13411 -22790
-13895 28087
9898 -21902
5211 -19764
-28656 5452
-9944 -4602
1910 8457
15968 -6793
-12304 9436
15858 -8174
2962 -25710
-19672 -14306
-20308 23166
-336 13442
-16685 -14423
-27928 14328
26600 414
20583 20097
6326 -24463
10546 20127
15114 -4439
-27070 29622
-15142 5942
24879 4769
3967 9068
3529 18926
-11915 15849
4329 -9336
-19468 23699
23995 11847
-25051 16240
22614 -14899
-6610 7054
-18816 -13954
21344 -510
-19548 -22907
21023 84
5782 8907
-1853 -29437
-21621 -18748
-5675 -6000
5662 -28244
-9886 28992
-23581 5033
-14982 -7329
-22903 -12335
6702 28628
-14204 19418
-14419 5864
-1316 -11692
-14984 22
-7664 -24013
-26503 -5124
28727 15291
2347 19978
-11033 15053
23882 -18073
20670 6506
19302 26805
-15471 4816
-9178 -26937
-21500 2310
318 24085
5459 -26301
24699 22866
-10305 19402
-20477 29644
2897 -14099
21394 1287
16911 -15529
-17283 25093
19119 -4321
5308 -26765
-8119 23106
-26698 -12640
16562 -19572
-23763 28443
-15893 -12314
1761 20859
-18324 -1061
21874 3577
-16607 1674
-10790 -15002
-23799 -5268
-7401 -6648
4259 29581
-28112 -17547
-23191 3816
-1365 26393
-25611 11896
491 4234
-28620 -15230
-8678 -5097
21101 7364
-28528 20122
-13094 6630
-28934 25672
-16372 12284
-13477 23011
-530 -6182
-19478 -2711
11435 -5656
-13292 -15471
-9504 -24066
28308 22455
-3440 -29953
27675 26376
-7151 -12127
-14727 -17209
-20130 29601
7038 -952
16932 -1693
-11040 22176
-6438 20016
-9904 28157
23909 7247
-23704 -24837
-24637 -9646
-14477 -23685
19797 19940
-1050 -9393
-3325 -22448
-25703 6085
11233 -10951
-21950 -17325
-12393 -2675
6654 -5278
-23797 17053
12203 -16118
21353 -2319
23569 1587
24689 -19976
24636 5303
-1668 17037
-602 9423
15426 1237
20963 3385
-7863 -24749
7379 -22457
-26847 -18322
16695 6527
-24606 -12511
-18780 7971
18071 -24221
4221 -905
-17902 -21226
22168 4461
1582 25891
-1053 25370
-27882 29350
2591 23535
-26842 -16955
-26321 -4224
9439 25201
-23826 -9312
-12114 -3907
7737 -28780
-7372 -24141
13464 17535
-5393 4613
-6468 -8448
-17066 -22557
18703 -25265
8359 10344
-26732 -12759
-6204 20075
19199 1824
1331 -16602
-3492 18371
5692 -6869
-8056 -2764
11819 -29003
1512 29138
19913 -3146
25146 9084
-3591 5409
-12103 -10651
475 24296
-7373 -29472
-10510 17251
13749 -28474
-13455 1177
23486 82
-20290 -1785
-20086 25357
-20742 -4256
-5570 7415
13990 -26579
-26243 8445
-10650 5166
21141 26603
21411 -19626
-20489 26858
-17781 19295
23550 -28857
-1776 -18406
-13755 -22056
26755 -21475
-9524 -9968
-24250 -1910
-1069 16405
10942 18300
22370 -21301
-11148 10754
-975 8525
-26565 23208
-2133 -22465
22675 8028
-310 -19420
5209 -14525
-15607 13694
-19464 5372
11010 -20653
25004 19349
-23332 -24848
23288 22188
15063 25542
-6508 20362
6501 6956
-8958 -2714
-28411 19094
10192 8692
9447 -110
27308 -9071
23774 8124
-10060 9284
-19536 636
29362 4008
-253 10801
11673 8605
-15502 330
-25786 8669
-29283 22819
-3305 -17556
-24704 -8103
-14846 11859
-19184 19321
20842 2427
18004 15402
2949 -8644
-20672 27843
-15456 15334
19225 13539
2412 2425
16091 4397
16389 7488
-7094 -29284
-7575 3282
-11521 21263
24600 -2041
-23103 -23386
-29291 -3066
3072 6892
21517 -1784
12296 6754
-16975 5043
2447 26206
-18153 2127
11234 17311
-14679 19980
9041 -7804
-17564 11412
15082 -15264
20783 24515
20816 24714
-27915 1532
-24339 22511
13783 26740
18151 5128
-23099 19578
9368 28521
-10053 -29253
16897 -9558
5627 -25633
304 -24238
29675 -1445
11138 -17050
20757 12888
2199 10077
-26256 -2417
-8745 -6339
7592 -29201
4671 -14037
735 10635
-12890 -10959
-27206 -13685
-2926 -25238
22851 1267
11340 1983
-10317 -19656
-19276 -21542
11312 27614
-21751 -7806
-25114 -23915
-1537 24
-2685 -27902
-3999 -1947
-16284 28599
-23236 9240
7053 9446
-15469 -20088
-8591 -22255
19382 21429
20146 -11939
3274 -1545
15101 22317
15617 -18666
13303 22320
-9220 -11377
20436 -26240
-29898 -24681
26844 -24033
18136 26299
-6221 -1551
741 -27516
8376 -8636
8965 -5448
-775 18404
-24535 18809
-16441 -4045
-28080 17517
-7944 16225
23591 -1934
18959 17361
-4496 17073
-9911 -19066
13128 13475
13815 -8502
16102 7550
27171 -23068
6941 -16861
-16214 -18500
20044 774
-15702 -13648
27984 27492
25964 3901
-2256 21618
25077 11133
8193 -20559
2844 -20647
7851 20587
-5064 -6236
5738 -25404
-4837 4667
-19216 -12671
18114 4427
-7410 -13054
11531 9441
8616 29481
-27901 17894
-27078 -19352
-28300 20793
-22873 4441
-19898 13922
-27579 17329
-28140 -2566
-19301 -22379
-6172 23600
-18517 19693
2532 -1277
9653 -8941
-6843 5502
25719 12887
-10338 25119
18646 6978
14880 29961
-17822 24903
6298 16458
18783 15852
-14006 -28671
-511 -16333
1467 -13728
-7121 -24860
4684 -28351
5140 -29451
-21702 13181
11347 -12520
-20984 -460
11186 -16493
-4837 -14829
28529 10367
-21266 2145
-17100 14911
-14226 -4549
-28870 11766
13588 20159
-26050 1174
23175 -1448
-1441 -5917
25766 17323
21118 28584
-15834 21468
-26670 2604
8252 16248
-29757 12476
-9850 -1448
26056 23662
7910 7666
-19999 6086
12595 -12429
-2239 23327
-5909 -4468
14219 16468
-16688 -6007
-20062 -5574
-1687 7398
-2364 12560
10809 -27421
-9677 24856
-27806 -21172
-9414 24754
-21469 25358
-22951 -22108
-21140 17456
29118 21274
12132 -5385
10772 -6262
29378 -25522
1117 18143
14501 -2725
5084 27410
28688 -15883
-29464 -5682
25016 19092
-21190 26533
-17086 8853
402 -29352
-2386 -5996
-12832 -11515
-5904 -5064
8621 22813
-3923 5679
-22681 22602
-21017 -16776
-16196 -27961
-1266 2688
4184 -323
19694 -3201
-14867 17734
-15181 -25121
24983 7823
-11572 13682
-3236 21944
-12063 -26738
-24296 2768
29548 18440
22955 -10896
15006 -7090
-23757 -29311
-15919 21016
-29827 -10365
-22561 -20477
-21242 23725
-14066 14287
-21024 -22581
-5608 2713
-8122 -21101
1776 -11723
2126 -27955
13501 4160
25681 5154
5793 -7525
24923 -6499
-10700 16408
-14999 6816
-23343 -24319
-14099 10948
-24760 1421
11347 18875
15616 20563
17073 -12032
21575 9874
-24788 11348
16290 14655
-1125 14914
15046 15104
-11885 -22463
-7019 17302
24956 -8897
-24341 -10501
13511 -19864
12622 -5296
-7715 927
27519 -10963
19222 -18903
9336 16707
-6685 28192
-18894 16368
-12260 -26864
-9883 22360
-4966 858
-15450 -27002
-20890 25169
-20254 -27437
-18729 -12986
19347 -5307
16982 -1800
28743 8972
-19985 1020
25481 -8107
14405 -15762
-28872 74
-22457 -17632
12589 9712
18584 -20756
-8717 -8336
-10972 -18837
-12940 8263
-18049 -17199
26196 813
23643 3737
3269 -24443
-5000 -17631
-8334 5413
19272 2764
-27192 764
20471 -4340
-27303 -1053
26870 -11854
-16307 -24062
-26261 -10753
24578 13396
-22734 -14060
-21305 28273
-22141 -18972
-12487 17954
-23259 17878
14320 -2847
-18452 9250
12616 19875
-8394 23765
-3206 -1508
12034 23488
13918 24775
27046 -17955
-20588 22208
-21891 -22025
-10190 19618
-9888 -23726
25803 -16178
22220 421
-2092 -6988
15152 966
3630 24458
6769 -29714
-22280 -27470
-12205 -148
12509 -14982
2760 -29371
-22453 4571
-2180 27716
-10033 -27560
6409 29974
-9626 2823
-14066 1554
18963 -13050
24112 -26859
29447 21014
8908 25405
-7862 -21272
17776 5146
-23289 -15997
24584 25510
-28285 9363
1863 -28126
375 10044
13075 12023
230 12446
18865 23240
-10961 -3002
18314 18771
-22322 -12189
-20503 18419
15098 20645
26036 1852
2943 -10613
-28659 10687
14610 -1702
-26033 1813
6599 -16339
-19214 9235
28149 26096
27555 8674
27055 10614
24976 -22920
-28585 841
21749 25314
21487 14871
3844 -17059
-891 10631
17957 5916
-26107 -13140
8582 -3417
12394 -17543
-15740 -14640
516 27350
-6824 -19392
-13268 7828
18852 7151
19113 17431
-29541 13470
-16520 28445
11025 -13427
9218 9505
-22989 14457
-28471 9374
-4113 14881
3016 2228
-695 20835
-6624 -27913
22441 -16193
-24309 22821
-8800 22061
10367 9361
-19856 6398
-8853 7268
1270 23202
12913 15672
-23539 19583
-26765 3443
25934 -20911
