800
-29225 28845
2694 23985
14831 1553
18602 13955
23527 1613
12747 21376
22995 -2401
2994 25429
-15245 -7860
-15550 17092
9446 9218
24361 4674
-3573 29850
-25180 19927
-18663 -22562
-18260 24118
-3053 16190
15355 29413
-7531 -3383
-21841 20568
-14793 12575
14095 -21129
-1292 -27536
-8675 -7746
2996 -27670
-11345 5134
21615 -27289
-3175 -20985
-15378 20550
15410 -10753
20390 -22962
28889 -14368
-6449 -13499
-28311 21348
-19987 23697
20169 3451
29328 -20984
-26885 4421
-20533 21267
13697 28523
-24951 11922
16107 11965
-6394 14396
-3729 -21655
13909 21278
-29136 -13591
7751 16966
-15347 -4913
-398 17024
19937 4442
-14195 -10010
26152 1611
23648 22271
2265 26199
-8738 -17451
-18406 -29716
21164 10283
20079 -4287
12097 -17734
-27943 22067
18187 399
13282 17051
-24432 -26556
13426 13145
-27595 -13682
-29290 988
17123 15729
-28065 27084
-16157 24741
-23365 24032
-22165 23518
-9849 28967
18858 3908
-11769 -10091
-5685 22299
15301 6301
2852 12650
14930 24769
-16592 12643
1675 -15731
-22152 -17144
-17368 -6145
26987 -17045
-6000 -4844
27804 4176
-8337 24343
21918 -26897
18051 937
7055 -13608
-29230 -3613
488 21606
-15971 14375
-3180 -2835
-1452 -24536
-25457 -27080
12423 -20538
-13759 -29015
-10847 -26068
-14769 -29937
-9878 -2619
26057 4389
-29428 -21791
-20998 8112
-1117 -4447
-6031 27425
21114 26633
7322 17911
4159 29827
23769 -968
-18044 26279
-10046 18185
-7923 22637
3448 19362
-10067 25933
16500 29
-21855 -12819
-5480 -17078
1664 20384
3216 12614
27085 -4764
-2219 -22931
-15755 -3446
16683 29376
1181 -12260
18180 4246
29490 23211
10755 -29259
-22129 -29108
-14276 -18243
-10536 15667
10989 -3036
28310 -16186
-12087 -16003
17014 -15614
-3132 -14623
-14395 14333
-441 -21438
25265 -24449
7834 7432
7572 11208
-296 11843
-26353 -15270
-6667 -1120
-18939 -10051
16882 -16629
-29963 -20849
26192 19038
28209 -6224
-713 7055
-17462 -11372
-12269 -2171
7699 13267
11902 -21865
29145 -25730
8199 -23430
21639 15307
15159 29677
-26480 11909
10588 6205
567 25319
-3161 3504
16798 -15116
10560 24866
-908 541
4498 -187
19283 13433
-19704 -12502
2653 24518
20360 16122
7555 -8777
-28504 19152
-28871 24357
11822 11724
4040 4050
21422 18609
-2075 7407
1541 -6298
12005 -24013
19191 -20068
27194 -12521
4039 16337
27576 -8034
-737 7788
11557 6375
-16748 11533
-25594 -10092
-20172 3239
22494 6886
1541 -3336
-1586 -29148
-3970 -21578
17400 17977
24451 -13209
16611 -9305
25165 -1424
-21364 -12467
-13316 16889
-2382 -25513
-8836 -988
-12980 15590
25015 -27075
4608 -6747
21981 23831
1018 23660
-18899 9197
27238 -21257
-10746 24240
-10146 -3532
-21933 25256
896 199
13302 -23144
-28142 17296
-54 15029
-842 -22407
22697 -26585
-9121 -7246
-19564 -24614
20967 4242
-11115 -14286
-28321 27504
-8811 28718
15654 1915
-5544 -24857
25752 23858
-24135 9701
4471 -11451
29751 -1336
-29823 -15676
-5560 22092
20112 -17657
-24857 -3720
1933 25781
1243 671
-17783 -8692
-955 7175
3852 4658
-7720 -2239
-26825 8112
10956 -10621
-19861 2392
15849 -10517
1126 -6329
-22177 7053
-12661 -20327
10410 -12804
-2993 -12048
13140 10216
-704 -16558
24349 6063
-10080 -12435
7963 -8409
5620 8978
-16260 11411
16038 -27540
13420 4674
-15 4113
11814 21677
29292 -9528
-6762 -14960
22550 25766
27621 17791
19866 -3293
11062 -28992
3454 -27427
-26407 -14040
-27697 17360
-13517 11638
-24381 26062
10551 15691
-384 -15337
9059 -12066
15080 22700
-2468 -10822
-4758 -11571
-23572 -20539
1777 -3329
-20874 -2560
8179 13631
20940 -23236
18656 11036
-21699 -122
22658 -23108
6912 -12666
24397 -22954
-22667 13931
14111 -3512
-27912 20214
-26150 -15398
4588 38
-5961 13236
12738 -8565
-6183 -4043
1531 25646
-7730 27544
-17924 22164
12187 -7467
-3463 7830
15593 -10171
10796 -27912
-13981 29741
13950 -2243
-11077 -15027
8956 24900
11464 -10994
-17335 23304
23029 -25276
-12510 25727
17947 -28976
-5924 -1848
-19722 14966
-7720 -5857
18791 -27270
-24846 8600
3895 15469
-19353 25776
6996 -20444
-30 -16554
20621 17916
8658 8391
6673 -3147
527 5400
21987 8617
-13198 -26954
6799 -1488
29802 18480
13502 -16395
-13514 9378
-24353 10855
-268 -1888
-18656 21130
22930 -27826
25105 -12901
6857 1652
-13284 -23508
-3921 1281
-18558 -11774
28247 4646
-11188 9541
-9284 -16802
21520 -1109
-15994 3377
14533 -4074
10268 -10369
-14678 -6318
5297 -2115
6280 16118
5950 3196
4893 -25475
22881 -23548
-26690 20251
4473 17736
-22775 -15953
11230 5513
7876 22321
-10851 -19293
-13763 3336
24963 -16720
-12443 -8816
-13490 18219
-26751 16874
-11415 11632
-5966 9218
228 -28544
14321 -19653
24019 -8979
-27833 11588
3586 27688
-17474 2236
1587 -940
16882 -9846
23831 4552
-12872 -13650
-5424 9309
-17329 2298
23750 -27305
12138 26942
12111 -22748
19542 19599
-1230 -27186
17518 -17657
-9637 -3991
4955 -8228
13852 25437
-13256 21775
-13455 -13408
20179 -24596
-26893 -12903
-9023 14476
-12788 8302
-16714 -4425
28841 18921
-2872 2605
-21813 -21104
9147 19797
-6909 -19670
-6143 9978
-12930 -20183
19203 20542
-17211 16525
27608 15965
-16805 23055
-2105 -28817
941 17922
19078 15937
25147 24302
-6030 22098
-13429 22755
-19458 13756
-14122 -9187
28225 -8960
26520 -19051
18041 26639
-7744 -6289
3449 -12189
-6737 -23502
-15998 20429
-29968 -4735
29872 -23985
16655 -8907
-23204 -22267
-23275 -20688
17049 10268
-8514 7605
28500 -8579
-29087 -24442
26296 -1832
-3679 -9789
-10565 7762
13972 -15162
-25427 17319
23497 12613
28019 9622
-15879 13409
17283 23887
-10848 27998
-5473 7462
24785 -27076
-28152 -20158
-12076 -6377
22292 10979
7110 9965
11361 27063
8243 -18012
-2011 10779
12328 -16536
70 6507
16259 -19838
12586 -23359
-16076 27489
2055 5050
-25183 -2777
-12477 -1380
-24866 29970
9870 1285
-14580 29628
-22295 -9984
23432 -15395
-15290 2129
10305 16777
-5966 260
19811 -7670
-1255 543
-4895 -14050
15694 -5062
17586 -12372
-34 -5269
-16339 -28675
22066 1895
5501 8231
11973 534
18105 -5478
9233 7814
5571 1752
27679 2815
21534 23943
3666 17333
-15454 -20868
14481 -9351
17276 21142
-10756 26575
3553 -14696
19688 -14767
-8353 26660
3916 -25793
12775 20003
-1107 29942
15936 16199
15437 -3225
-26212 15993
-17341 -25581
4260 24929
-13096 -23686
-22474 -15179
-11347 1525
-19445 23548
-20579 8561
22511 24710
-21691 -8672
-3008 27239
25082 -22401
22047 -486
29075 24065
-5189 -28172
-16116 -589
16445 -12302
16563 -6466
12001 -26246
-23384 -10785
1439 -8147
-11429 12329
-18735 18748
-25592 -13794
-22623 15547
-9876 23441
-6488 18033
-27137 3884
-20858 -9629
9493 -71
15179 20659
-1224 20524
27217 16635
-26263 -14106
-5167 -28899
-12538 -8938
-22082 -11400
-8879 10284
14690 -21055
21130 -24198
21116 -15542
-2923 28611
10929 -19209
-15094 -27208
-3761 -18778
668 -24198
21819 -24149
-20949 -5134
21690 214
-27399 -3572
-24053 -13737
-28095 -6530
1329 23357
-10051 -21368
23635 23947
-28228 -26573
12950 1753
22370 19310
12880 1851
-11069 -14288
-26486 5044
9462 -18529
-23477 -4645
11018 4349
28617 978
26789 -17046
15812 -5410
-16083 19248
10313 27286
-201 -22427
-23315 9789
5843 -10542
-19109 2386
23535 -26140
657 -29745
-14631 3090
-6537 -20907
-28317 -29168
-26664 -3118
-2281 17212
18724 23315
-26569 -10563
29225 -5573
23965 6934
12393 -5872
22744 -13943
25170 -20938
-23353 19699
-18415 -3262
21280 14770
-14095 -9964
-20597 27245
-5438 -2673
14062 10733
2951 -649
5083 707
-9927 2070
26472 22522
28201 -24690
7009 6036
13372 -16332
29394 -802
25237 13285
6374 23236
17753 21613
-26149 -25347
-29775 16550
7870 -10109
3959 27616
24119 15913
-18772 8243
16205 5848
-7534 23394
-22955 -20891
-4772 -9792
5151 12707
-14885 -20722
18679 22809
20185 19428
6466 -9744
25030 -21601
-26200 10233
-12806 21013
29512 -15604
12882 12275
1273 13055
24260 27706
-18534 7420
-29051 -21629
-10688 4317
-15055 -20032
-3345 6545
-14994 2707
-2207 27939
28178 -14902
-9933 14125
1764 21436
-28251 20144
23698 7952
-20717 66
-1899 5738
9103 -16638
-9101 -19575
-27484 -20297
-24643 -8723
-6460 -8144
11888 23102
-9218 -24894
-19316 24525
-214 29476
26597 25278
-11872 -11748
3312 10446
-29928 -534
17949 -1713
-20718 19244
20806 19292
2616 -7197
-21307 -20712
-15682 -8809
-3706 -26127
4583 -27942
4776 -18144
20308 4203
-15644 -18351
7936 -25157
-11120 17137
14223 18811
5925 26769
-19824 20691
27730 9379
-22718 -2505
22737 3298
-9366 -2988
-5556 -185
10317 -7143
6336 9582
21543 29371
14099 -9240
-26298 21074
29263 18034
16457 2130
-12572 13874
12146 9841
2938 8313
-850 2791
-28608 -10997
-2022 -13265
-20156 16431
12752 -15069
17670 -17886
-28614 -7113
2364 28024
28385 5238
-18885 22857
10846 -1984
25697 -3383
27960 6791
-20157 21083
13172 -27800
4609 -25900
10511 -4628
-20266 14021
-22098 -21299
-29348 10401
-7905 10809
14686 25022
20548 18530
-28941 -6839
11682 23987
399 29795
13592 22884
16842 20549
-12967 -3785
-29442 -4691
3078 13047
19929 8847
7213 14785
3903 1276
-8399 -4173
11017 23032
28986 26155
24567 -15273
-5646 -2539
-21138 11731
4698 9347
-5402 -25178
29403 24635
14446 -14633
-8729 8957
-427 26256
-29095 -14238
24595 2405
14702 1340
8928 -8659
16211 -6981
17768 -11567
19188 17463
-2844 -9059
-16245 12365
-24089 -11062
-23064 5036
6885 17981
5704 -16232
15183 -2578
28093 -5054
-14164 5470
-5228 -1189
12534 -15017
1683 11281
-2230 11134
-17149 -16988
-12154 -21456
6114 22995
-9573 -2466
22473 3826
-15243 -16982
-11738 -20673
-24661 -3869
-12666 -5418
-29981 -16875
23956 -9993
-11817 -23945
27579 25900
26792 -27597
2573 -16081
-8222 16384
17492 -3934
11242 -4313
-15008 5454
589 -3440
-15622 23059
13843 5382
26461 4447
-10429 9477
-4147 1369
-15213 -2922
-16341 16475
10844 26085
5634 -11230
-10404 706
-348 -25357
-29656 -4607
19344 1878
-5295 -17262
-10865 16881
26354 -2164
-22841 -5165
-9168 -2341
-23297 26379
17902 27240
-2275 -26477
-29455 -20232
-29504 -15500
-16049 5810
-11682 -11333
29280 13315
-4677 -15382
29070 1081
-10502 -23033
20550 6480
-15178 21629
15482 -20460
-384 -24949
-19962 9933
-25217 2154
23333 18054
-11129 -11074
12431 24684
-14280 21960
-23264 27432
24909 7820
