800
-8765 -26797
-17567 -3915
15303 17232
-932 -1511
11264 18572
8899 16544
21656 -2150
29430 23249
16971 15399
-28817 17303
-11690 20607
16123 15261
8693 -205
-23054 -10003
-23380 15580
-22917 3469
28011 -21018
-17846 -11872
1095 -25396
-4700 -10274
3823 -4829
21053 -29961
11261 29262
12165 1248
-14056 4743
-26822 -14432
6538 10501
-29878 26752
12364 3640
15815 17581
-723 -22244
26159 -26248
23812 -3267
7299 1410
11316 -24657
8323 -18152
-26373 -19919
-18677 -19843
27935 12086
47 -10981
24235 15826
-5005 -26
-21785 8267
4089 -22916
-11457 -23750
3408 -19632
19160 21951
-23961 -24711
14698 12182
-18472 15015
11145 19086
-13950 -7010
24198 24777
-2985 -17361
-26543 25746
-15761 230
-22137 26386
25019 -6551
22393 -22703
4291 -24034
-21266 -17180
-21594 -29412
17601 -4062
-7328 3065
15213 -1767
-8200 11755
25436 -1491
14720 3247
-2431 -16823
22377 23073
11735 -7283
6215 17083
-9046 -15267
-21953 8224
20672 -23303
27043 -21720
-23099 25833
-12274 -6128
-14457 23552
175 -2583
-28995 -15564
29967 14048
26624 -28513
18389 6566
9748 10355
-24958 -27616
-17718 22960
-15559 8045
-2261 -18856
13309 -23824
15251 -16992
6606 -11576
-21328 -16522
-8085 -19525
25302 19472
4545 17010
-17112 -19294
-10131 17354
-18214 17113
-8846 -23102
26621 -21272
15871 12352
-27622 24837
26171 4354
17922 -20254
-25844 6680
-13366 368
-26124 7043
-6316 -22166
10505 -25259
25784 -24768
20851 132
-21954 -27438
-5512 5542
4010 2841
23283 -11029
20164 -8499
7516 1354
-23897 16941
18453 14778
6520 9590
-18665 3895
14288 18142
-24683 27802
2116 -12007
-10293 -7222
7659 -16755
7065 15215
-27314 6982
12722 27921
19078 -25987
-28826 20646
14951 -8152
29905 -12068
22886 19740
26767 6722
-27147 13548
11374 -1860
-20791 8947
10980 23266
-28109 21589
28885 1763
18225 27832
26400 19683
-8203 -6950
19511 21708
-11767 -23455
-20497 3375
-14397 -9653
19743 -27491
-23986 -6143
-17444 15836
-8972 26155
-10559 2984
-6574 -27673
12278 20206
-22397 8531
22320 155
22618 -7055
2566 13509
-12496 -16502
1545 24105
-15661 11938
-7633 19868
-1077 21282
-9523 15600
13512 -4830
-18110 16454
-2933 -2448
-10347 18257
8308 23197
15631 -13765
-29561 -11119
9735 812
12764 15350
22265 -6088
-20914 23454
16586 10457
-7809 4975
528 15656
-13681 -2399
24834 -1570
-1862 14593
19554 -20821
-2309 2150
13296 -280
-16009 6031
-15676 12314
-28452 -14121
-19566 -23527
-19400 -13478
22846 -4793
10863 27197
97 351
8637 -15830
-17378 -19116
26273 -21431
-22113 20034
-24515 63
-19169 13044
19602 -8694
-1425 -29292
21939 14901
-23238 -11374
15725 -5165
27393 6839
-5064 10605
737 -1202
21984 -13617
-14548 -29554
24536 4771
-21284 4675
16587 -18555
3218 -3669
-12694 26509
9980 -7748
9066 7381
25910 -2278
21449 -20268
-29199 -9095
25905 18099
22760 1716
-28194 -28039
-6017 -4958
-4948 -20985
-28852 2012
-16778 -4651
26928 19057
-11341 19461
-717 26957
11176 -29396
-20372 5814
-6746 6752
-10407 -13236
5026 12774
6928 -21150
-7506 18375
-21931 -17745
18096 11214
18208 -13020
-8775 14318
26652 -17776
10845 -15192
11779 20640
25201 -9160
-15299 -15474
-22097 -28144
29021 179
-869 -22369
13558 14170
7605 25758
21581 -22174
19752 25865
-27141 18935
1393 12914
-1071 2179
-23729 -3259
-27565 10557
-21559 -13578
-7735 15975
-19002 21662
22611 -19819
11026 -17382
13773 -5625
1861 571
-16683 -18823
-5937 19074
-1675 -21889
23807 8822
26865 -23248
29231 17163
-24770 25099
24790 27584
23809 11093
24001 13166
-6809 -11120
-2245 13206
-26321 20404
-15096 4611
-26765 -21324
-22425 17612
-17000 -3548
-14170 -6349
24066 26935
-13024 4032
26818 -18072
-15127 -23547
25427 -6776
18157 26205
15300 -11692
-22001 18853
12951 -11431
14278 -24152
-9880 9948
28914 26229
19940 -15672
23891 -3888
-3051 22374
-15748 -17589
4081 -12539
-7609 19735
17856 23436
-8368 15441
-9941 -11505
5084 -26968
-10251 24335
29659 -26309
-17399 25711
-13030 12517
-16293 25869
7097 -13306
9883 -4127
18416 4107
-8408 -4836
27891 -15786
13522 -5824
16430 -24303
14945 -15709
-29064 6084
14542 -21513
-2091 -25655
-11460 -26139
17255 -3715
24975 -21951
-9915 -631
5317 -9882
4858 -8146
-25212 -9118
-20827 -19041
-18907 8479
-14700 -642
4469 20008
-12191 4822
-8782 -23186
-8798 21219
-24495 15477
6494 25463
13276 -9516
5884 -21629
8004 1734
-12436 4075
1840 -24555
-26014 835
8914 8787
-20666 -22312
-19074 -17206
-29937 -27200
-27522 -2249
-8431 -66
-26406 25214
6676 3402
-7966 29376
-29580 -20719
-20768 -25137
3366 -7096
3943 -17790
29704 -24371
16645 861
-7967 -5856
-5345 2885
-12265 -28239
19575 12904
-3147 -24883
15887 17127
9605 1068
-22608 -29147
-26371 -7443
7247 -18067
-5932 19453
23111 2040
-24384 20333
-2940 25533
-16239 -23786
-3562 -6203
6444 27529
-5444 -24307
-27245 21516
3858 -16896
-26784 -29588
-25568 -479
23759 19419
28135 -10634
-11002 3730
18741 28331
12074 -1615
-11746 -4143
12195 -10478
-9904 -28361
18323 2548
-23481 28681
7824 -1232
13564 26949
11096 10700
-17066 -12311
29230 -961
21871 21823
11356 24358
3881 8243
-23725 -27177
20451 20400
15118 -14715
-12227 6082
847 16182
-14190 27361
-15979 23998
8117 25675
4007 7820
24902 14895
16303 3839
-24681 -22760
701 -4110
-3608 24195
-23931 -9016
20946 8623
-9031 18656
-693 -17374
-14318 -19770
-21314 -2862
-29545 23679
-339 -22714
-12275 -10250
2252 -9240
-14608 27252
-14859 -20537
23027 22847
20490 -29127
434 -9672
8934 -21043
-17685 -26260
-1907 -19215
9524 15486
302 5919
14558 -13831
14396 25369
-29527 -5650
61 -15979
-13932 13554
10127 -6886
-24713 -23770
-16260 21667
-18722 -17590
-25628 -1812
-11366 7173
8735 -16352
-19449 -26104
-8274 -20439
-2061 -23687
-9673 6667
-10094 -24803
-3851 29643
-11925 9000
-21541 -18484
25462 -2148
-14092 1023
-8794 -9957
13639 -17226
-6820 -7730
-14705 -29443
-27024 821
7377 -1230
11833 -9714
-24391 -20988
10995 24739
-6018 8221
-26941 3488
15927 22483
-14304 25573
19950 -27272
24079 20313
19697 544
-29072 -29125
18574 -15356
-1731 9623
21855 -1005
22989 -10226
-25211 20053
6423 6807
-10107 29599
18570 2844
-6423 -2809
-22273 -9211
12747 5662
16969 -711
7659 -29402
24774 -7204
-20200 -15799
1413 -2579
14616 -8539
-16933 28873
-21620 -5285
-21649 7870
17855 23173
-14566 -28525
-15680 -24338
-25908 4650
-29901 -6587
22581 19633
16125 3678
-29616 4423
28856 10805
27836 -23999
10462 -20505
-26692 -16784
-29255 9094
-15709 27136
29121 26091
493 -17612
507 3135
16411 -8856
2850 10569
20063 24286
17468 -15331
28380 -21714
28594 20547
8745 20513
5227 -14111
-20239 9842
-18826 16199
-5787 -7580
358 -8443
-18495 -14154
-5611 13869
-6565 16484
-18773 -5057
-15006 -28857
-3527 -29492
24350 8253
-18065 11362
-1010 8475
14807 18381
-26608 14052
8202 10702
26275 -29194
-25955 -1377
-3403 15070
21926 -2668
19228 8571
-7805 -1155
-3140 -22008
-18808 -2676
-10911 -11159
10675 -27656
19481 26995
-5608 -15431
-16857 6406
12858 8510
18779 443
-29613 19962
-12304 18947
24120 -19238
7043 29624
10807 -17143
-12323 25232
9940 -13341
-28461 19483
11405 -9008
2776 -7366
3806 -3512
-13743 26576
-28166 10654
-24092 23834
11093 19264
15139 10379
-22268 -22953
-250 -29286
-1524 18185
-5129 26979
-22974 -3851
-15760 -3643
1000 10436
22371 -26014
10393 9574
12616 24630
-9418 -1107
-20144 4060
-15777 -9780
6045 -22269
7646 -26362
1758 -27785
20677 -15187
-29263 -9009
7505 -28891
14260 -26616
-28812 -26947
-16078 -29146
21633 9667
-16064 4654
-7186 -9011
-20072 14351
-21058 -19177
-16403 4613
10858 2106
1758 -21883
22997 24938
-3575 -7914
-5788 -10651
-4357 9626
17393 14445
-11325 -28601
12445 20312
-7291 -12350
26554 9237
-24167 -12834
1306 25916
18357 -28974
-6953 8517
14227 -3573
-16397 29537
-25604 -27392
24759 20003
5782 9340
17462 14199
19620 -5994
-7793 5051
9209 -16661
-27411 -27181
16808 26215
-8235 -15082
-7994 -14080
-18922 22987
-27159 28287
6148 -26868
-25412 21195
-16207 -17253
20061 9669
-7216 -13748
-3197 22972
-20896 16230
27520 -4918
2852 22505
17069 18908
-19025 -10435
28140 14023
2380 29519
36 -15040
4454 -11237
-28433 -26840
11647 22433
29882 15557
-2034 -9068
27272 -15351
-5646 -3521
16199 -8337
12237 -5101
-18889 11483
-24323 -7921
17086 -148
20881 -20048
13384 -24658
-3513 -1217
-5944 -1576
-22332 -29814
19432 14594
-102 -28547
-26429 21983
17629 29525
23034 4381
-1080 -18785
-26866 -26589
-25554 -14609
22496 9772
17875 27687
28693 -8851
4901 -17030
-14084 -12848
14580 -22140
6328 29584
-22508 28122
28147 -17169
-26422 -4616
28567 -17559
29876 23130
14136 -15423
-3344 16254
5874 -27959
-12254 -6136
-17350 10210
6048 -14299
10569 4392
16119 293
-12376 -954
-23028 7871
-5175 20707
29057 -28104
2246 1896
17666 16433
29782 -26659
10561 -26700
-1585 11036
20088 -17738
-14599 -3059
16110 -16987
-6162 -11661
-7330 25489
27429 -24504
22040 29352
12804 22885
442 -13755
19398 11970
-22686 21608
-2135 -16426
-24525 -11603
7009 15927
-1406 8754
-2821 29443
-15473 -6687
-3111 9895
-15021 28272
-8755 -23925
16032 -1329
7743 -18838
-27392 -18836
-17475 -20659
591 -9628
15221 2335
-19600 1570
-22187 6052
-12498 -27338
-26897 6932
-25737 3776
15659 -19424
-18588 5183
-9573 28872
23383 17775
-13150 -8212
12304 4817
4182 13487
6302 4050
26557 27765
-26517 12040
-6510 -17952
-4254 13189
-21555 -24360
-853 -17220
9682 -9561
-17185 -25763
-19210 2406
-11004 26432
-828 15477
-243 20762
-23305 -19925
12686 -10655
6005 -7481
1937 -26569
-10318 -9406
-5265 -29826
25172 14830
24128 7185
-27775 21545
-14217 27796
5014 17118
5477 13829
20380 1542
-11064 -29068
-2882 22075
-18705 -4275
-16652 17296
22781 3694
19559 -12231
4343 20335
11582 20790
-2728 28888
18371 -16541
-4827 22433
27134 10171
20216 12824
2220 -11884
-7757 -12555
17957 -18203
9952 9793
-15376 18535
-22387 -16815
-10459 4943
22021 -5518
-27931 -8014
-17891 -28873
-29043 -20316
8613 -16793
12278 -877
-22298 20469
29762 -12301
1793 -26103
-12077 14083
-693 7627
24384 13335
-10009 -18654
29641 17622
-23179 10210
27069 10241
27809 -25392
19206 -9344
-21382 -5657
-7405 -23572
7893 -24951
12053 9014
17943 -23837
-24434 -11751
-11333 11527
29306 5115
21139 -11171
