800
-24095 8226
-3865 15366
-6517 14430
-8183 13842
-3117 15630
-21137 9270
-2573 15822
-15527 11250
2051 17454
-26985 7206
-6177 14550
-25625 7686
-25557 7710
-26883 7242
2357 17562
-15425 11286
-13045 12126
-8693 13662
-19777 9750
2697 17682
-21375 9186
-11889 12534
-1349 16254
-16445 10926
-20151 9618
-20967 9330
-28515 6666
-27529 7014
-15357 11310
2935 17766
-16003 11082
-3491 15498
-9679 13314
-975 16386
-9645 13326
-20491 9498
-24911 7938
2629 17658
-19199 9954
-9237 13470
-28481 6678
-16989 10734
-4443 15162
-5667 14730
-26509 7374
419 16878
-10733 12942
-24299 8154
-26611 7338
-29977 6150
-27937 6870
725 16986
1269 17178
-18179 10314
827 17022
-15289 11334
-3525 15486
1201 17154
-8285 13806
-9033 13542
-23347 8490
-10427 13050
-20797 9390
-1859 16074
-14371 11658
-3627 15450
-26917 7230
2221 17514
-26781 7278
-27393 7062
-11855 12546
-29229 6414
2391 17574
-26339 7434
-19131 9978
-4749 15054
-19845 9726
-15561 11238
181 16794
-12909 12174
-5361 14838
-25761 7638
-2675 15786
-1961 16038
-24673 8022
-9067 13530
2799 17718
-16207 11010
-7503 14082
-26373 7422
-20899 9354
-25217 7830
-16615 10866
-16887 10770
-23959 8274
-28141 6798
-25523 7722
-24367 8130
-21647 9090
-2301 15918
-26067 7530
-6279 14514
-8761 13638
-2879 15714
-14575 11586
-21205 9246
-14609 11574
453 16890
2561 17634
-17499 10554
-2369 15894
1337 17202
-28719 6594
-10257 13110
-28651 6618
-27155 7146
-16921 10758
-5633 14742
-16819 10794
-4783 15042
-18621 10158
-91 16698
-21681 9078
-18315 10266
-6721 14358
-21817 9030
-19675 9786
-21341 9198
-1927 16050
2323 17550
-12365 12366
-4613 15102
-29569 6294
-13827 11850
-1383 16242
-13147 12090
-5871 14658
-11991 12498
-29739 6234
-7061 14238
1405 17226
-5225 14886
-11209 12774
-19709 9774
-7231 14178
-22395 8826
-8523 13722
-11923 12522
-11719 12594
-11311 12738
-27767 6930
-19029 10014
-27801 6918
215 16806
-28549 6654
-14303 11682
1065 17106
283 16830
623 16950
-27087 7170
-8047 13890
-29909 6174
-6857 14310
-3933 15342
-4885 15006
-20593 9462
-669 16494
-6143 14562
-28277 6750
-7673 14022
-27053 7182
-26305 7446
-22667 8730
-1519 16194
-13215 12066
-13385 12006
-16717 10830
-5803 14682
-29943 6162
-2063 16002
-16343 10962
-13861 11838
-13759 11874
-14813 11502
-6891 14298
-22259 8874
-21953 8982
1677 17322
-2913 15702
-22565 8766
-18927 10050
-6313 14502
-7197 14190
-18009 10374
-14745 11526
-23211 8538
-22871 8658
895 17046
79 16758
-15391 11298
-15187 11370
-17057 10710
-25931 7578
-29807 6210
-28345 6726
-10631 12978
-2777 15750
-15935 11106
-12977 12150
-27461 7038
-1451 16218
3105 17826
-1723 16122
-21409 9174
-12195 12426
-21851 9018
793 17010
-16785 10806
-11821 12558
-1485 16206
-6007 14610
-19301 9918
-29705 6246
-24775 7986
-22463 8802
-18485 10206
-3219 15594
-9339 13434
-24265 8166
-13589 11934
-26475 7386
-19913 9702
-14065 11766
-10393 13062
-29875 6186
-9373 13422
-27563 7002
-15765 11166
-22327 8850
-13249 12054
-14473 11622
-9509 13374
-6483 14442
-16581 10878
-19879 9714
-4817 15030
-27427 7050
-4919 14994
-771 16458
-20423 9522
-24061 8238
-25115 7866
-29773 6222
-21783 9042
-7707 14010
-14507 11610
45 16746
-21103 9282
-29059 6474
-28855 6546
-2165 15966
-3253 15582
-28991 6498
-28413 6702
-6823 14322
-29365 6366
-11345 12726
-11447 12690
-3967 15330
-13079 12114
-13317 12030
-8319 13794
-6449 14454
-5701 14718
-27223 7122
-26577 7350
-26713 7302
1915 17406
-10767 12930
3071 17814
-7333 14142
351 16854
-17737 10470
-10189 13134
-5191 14898
-23721 8358
-3185 15606
-19335 9906
-12807 12210
-17907 10410
1133 17130
-23823 8322
-19607 9810
-3287 15570
-18247 10290
-15867 11130
-2845 15726
-10903 12882
589 16938
-5769 14694
2901 17754
2425 17586
-20253 9582
-15119 11394
-22089 8934
-567 16530
-26951 7218
-14881 11478
-1587 16170
-5531 14778
-25999 7554
-4681 15078
-25659 7674
-29535 6306
-27189 7134
-7979 13914
1813 17370
-13895 11826
-21545 9126
-17431 10578
-10325 13086
-8931 13578
-6789 14334
-15833 11142
2833 17730
-25965 7566
-4137 15270
-21749 9054
2255 17526
-3831 15378
-16309 10974
-6653 14382
-12671 12258
657 16962
-17941 10398
-24605 8046
-17261 10638
-7095 14226
-1281 16278
-21171 9258
-29297 6390
-26101 7518
-27665 6966
-2811 15738
-12399 12354
-23619 8394
-10597 12990
-20661 9438
-24503 8082
-8591 13698
1847 17382
-16513 10902
-397 16590
-11005 12846
-8081 13878
-2981 15678
-22701 8718
-1757 16110
-5089 14934
-28039 6834
-9577 13350
-4307 15210
-22769 8694
-26645 7326
-15221 11358
-10019 13194
-2335 15906
-11957 12510
-19471 9858
-23177 8550
-14541 11598
-11039 12834
-9849 13254
-17159 10674
-9883 13242
-19165 9966
-8863 13602
-6755 14346
-23551 8418
-20457 9510
-28787 6570
-19437 9870
-17635 10506
-22055 8946
-11175 12786
-17465 10566
-17397 10590
-20763 9402
-12093 12462
1473 17250
-14439 11634
-27291 7098
-20321 9558
-4341 15198
-11617 12630
-533 16542
-11107 12810
-17703 10482
-159 16674
-8897 13590
-7265 14166
-13623 11922
-9135 13506
1541 17274
-18995 10026
-4103 15282
-11787 12570
-4171 15258
-21273 9222
-295 16626
-8455 13746
-4851 15018
-18553 10182
997 17082
-11515 12666
-12943 12162
-14949 11454
-16071 11058
-24741 7998
-8795 13626
-14337 11670
-8557 13710
-13725 11886
-17227 10650
-19369 9894
-1009 16374
-25863 7602
-15153 11382
-13351 12018
-10563 13002
-11243 12762
-26135 7506
-17839 10434
1983 17430
-10053 13182
-29093 6462
1609 17298
-29399 6354
-27869 6894
-9781 13278
-2471 15858
-6109 14574
317 16842
-23687 8370
-25591 7698
-499 16554
-15663 11202
-9441 13398
-26033 7542
-22803 8682
-17771 10458
-25421 7758
-9271 13458
-5735 14706
11 16734
-1621 16158
-20729 9414
-10699 12954
-7435 14106
-23313 8502
-12433 12342
-2641 15798
-25149 7854
-29501 6318
-3695 15426
-8421 13758
-20525 9486
-18757 10110
-23483 8442
-18145 10326
-1655 16146
-17601 10518
-601 16518
-15697 11190
-14167 11730
-8013 13902
-14269 11694
-635 16506
-16139 11034
-26441 7398
-7605 14046
-24945 7926
-13453 11982
-18213 10302
-2233 15942
-3899 15354
-24809 7974
-57 16710
-24129 8214
-29603 6282
-2199 15954
-29161 6438
-24333 8142
-13181 12078
2969 17778
-24435 8106
521 16914
-28311 6738
-1043 16362
-16173 11022
-13521 11958
3037 17802
-11379 12714
-16275 10986
-21613 9102
-5259 14874
-1689 16134
-12501 12318
-23925 8286
-13691 11898
-24197 8190
-27121 7158
-7299 14154
-14031 11778
-21069 9294
-23653 8382
-25829 7614
-20389 9534
-9747 13290
-8829 13614
-26747 7290
-2267 15930
-4001 15318
-10121 13158
2765 17706
-22735 8706
-1315 16266
-9917 13230
-24231 8178
2595 17646
-16479 10914
-10461 13038
-18961 10038
-14983 11442
-25455 7746
-29671 6258
-10835 12906
-29195 6426
-20083 9642
-11141 12798
-23279 8514
-3049 15654
-15085 11406
-1179 16314
-10971 12858
-26407 7410
-23789 8334
-16683 10842
-23415 8466
-15459 11274
-10359 13074
-4205 15246
-4035 15306
-465 16566
-23109 8574
-7775 13986
-7469 14094
-26849 7254
-22531 8778
-29263 6402
-13283 12042
-4273 15222
-24843 7962
-3593 15462
-21987 8970
555 16926
-26169 7494
-20049 9654
-28209 6774
-28821 6558
-16377 10950
-10087 13170
-25285 7806
-5157 14910
-12161 12438
-4987 14970
-28005 6846
-27597 6990
-27325 7086
-12739 12234
-10937 12870
-19267 9930
-17023 10722
-5327 14850
-15595 11226
-15017 11430
-12569 12294
-2947 15690
-23007 8610
-18791 10098
-2607 15810
-11277 12750
2187 17502
-23891 8298
-3763 15402
-15051 11418
-21715 9066
-3797 15390
2289 17538
-3083 15642
-14201 11718
-5463 14802
-25047 7890
-1247 16290
-16241 10998
-18859 10074
-6381 14478
-24571 8058
-22157 8910
-6551 14418
-6687 14370
-1145 16326
-6211 14538
-16547 10890
-9305 13446
-19811 9738
-5565 14766
-28923 6522
-7639 14034
1371 17214
-16411 10938
-4069 15294
-5837 14670
-15493 11262
-10155 13146
2017 17442
-21035 9306
-25081 7878
-3457 15510
-23857 8310
-23 16722
-5123 14922
-12535 12306
759 16998
-14133 11742
-3389 15534
-431 16578
2153 17490
-12603 12282
-7741 13998
-3729 15414
-25727 7650
-6993 14262
-28073 6822
-24401 8118
-24639 8034
-8387 13770
-11413 12702
-28583 6642
3003 17790
-2539 15834
-6347 14490
-16649 10854
-7571 14058
-9815 13266
-4375 15186
-15255 11346
-14099 11754
-11583 12642
-17533 10542
-18417 10230
-19539 9834
385 16866
-8625 13686
-27495 7026
-2029 16014
-22293 8862
-7027 14250
-9101 13518
1439 17238
-839 16434
-13793 11862
-24027 8250
2119 17478
-25897 7590
-125 16686
-18281 10278
-7367 14130
-873 16422
-20933 9342
861 17034
-6585 14406
-21001 9318
-9169 13494
-5055 14946
2527 17622
-12229 12414
-13929 11814
-18383 10242
-19743 9762
-9713 13302
-3015 15666
2085 17466
1711 17334
-18825 10086
-28957 6510
-7877 13950
2867 17742
1303 17190
-22973 8622
929 17058
-14405 11646
-18655 10146
-19233 9942
-20355 9546
-7537 14070
-6925 14286
-25353 7782
-24163 8202
-261 16638
-19981 9678
-4647 15090
-18077 10350
-19505 9846
-2505 15846
-28753 6582
2493 17610
-14779 11514
-17873 10422
-28617 6630
-12297 12390
-27257 7110
-22939 8634
-1111 16338
-5497 14790
-20695 9426
-18587 10170
-1213 16302
-28107 6810
-15731 11178
-3661 15438
-13487 11970
-23585 8406
-28243 6762
-17091 10698
-18689 10134
-29433 6342
-7129 14214
1745 17346
-17669 10494
-1995 16026
-8999 13554
-18111 10338
-18043 10362
-15969 11094
-21239 9234
-12875 12186
-11685 12606
-25489 7734
-3321 15558
-2097 15990
-20185 9606
-8965 13566
-227 16650
2459 17598
-2709 15774
-23517 8430
-14847 11490
-15629 11214
-28447 6690
-17193 10662
-17295 10626
-9543 13362
-193 16662
-21885 9006
-3151 15618
-16105 11046
487 16902
-23143 8562
-3559 15474
-2131 15978
-907 16410
-25795 7626
-21511 9138
-20015 9666
-8353 13782
-11753 12582
-28379 6714
-18519 10194
-22905 8646
-8149 13854
-12263 12402
-26203 7482
-29331 6378
-20287 9570
2731 17694
-17125 10686
-16037 11070
-7163 14202
-24979 7914
-29025 6486
691 16974
-10223 13122
-11073 12822
963 17070
-18893 10062
-2437 15870
-12025 12486
113 16770
-17975 10386
