800
8152 3401
8296 989
7548 13518
8884 -8860
7824 8895
7008 22563
9724 -22930
8832 -7989
8384 -485
8364 -150
8016 5679
6876 24774
9628 -21322
8080 4607
8620 -4438
7332 17136
8380 -418
8312 721
7224 18945
7396 16064
7496 14389
7120 20687
9664 -21925
8108 4138
8972 -10334
7220 19012
7508 14188
8772 -6984
8564 -3500
8568 -3567
6608 29263
8136 3669
8164 3200
8328 453
8952 -9999
8308 788
8036 5344
8224 2195
8304 855
6704 27655
8900 -9128
7472 14791
9620 -21188
7924 7220
7860 8292
9520 -19513
9476 -18776
9500 -19178
7076 21424
9632 -21389
7532 13786
8948 -9932
9328 -16297
8336 319
6688 27923
7556 13384
7976 6349
8148 3468
7640 11977
7056 21759
8392 -619
7656 11709
6592 29531
9600 -20853
9688 -22327
8696 -5711
7436 15394
9544 -19915
7864 8225
7888 7823
7836 8694
8436 -1356
8076 4674
6708 27588
9728 -22997
9036 -11406
6852 25176
6760 26717
7720 10637
7204 19280
8876 -8726
8408 -887
8856 -8391
7360 16667
8448 -1557
8180 2932
7208 19213
6848 25243
9348 -16632
9504 -19245
9264 -15225
8056 5009
6732 27186
7272 18141
7044 21960
7084 21290
7116 20754
8012 5746
7392 16131
9104 -12545
7188 19548
7780 9632
6804 25980
8020 5612
9384 -17235
9244 -14890
9732 -23064
7228 18878
8924 -9530
7944 6885
7148 20218
7068 21558
9224 -14555
7108 20888
8704 -5845
8980 -10468
9000 -10803
9024 -11205
7936 7019
7432 15461
9392 -17369
8524 -2830
9204 -14220
9100 -12478
8128 3803
6820 25712
8976 -10401
7516 14054
8712 -5979
9300 -15828
6672 28191
7972 6416
7164 19950
9044 -11540
8064 4875
7584 12915
7428 15528
8864 -8525
7988 6148
9712 -22729
7244 18610
8560 -3433
9452 -18374
8744 -6515
8300 922
9604 -20920
8240 1927
7292 17806
7032 22161
7928 7153
8700 -5778
8116 4004
7500 14322
8824 -7855
8784 -7185
9304 -15895
8204 2530
8320 587
7748 10168
9380 -17168
9656 -21791
7624 12245
7896 7689
7816 9029
8788 -7252
8124 3870
7840 8627
9560 -20183
8984 -10535
8028 5478
8084 4540
6904 24305
9700 -22528
7812 9096
7716 10704
8912 -9329
7932 7086
8004 5880
6972 23166
8552 -3299
7216 19079
9060 -11808
7740 10302
7452 15126
8464 -1825
7536 13719
8756 -6716
7488 14523
8428 -1222
9068 -11942
7304 17605
8992 -10669
7540 13652
8792 -7319
6712 27521
9116 -12746
9208 -14287
7528 13853
9132 -13014
8368 -217
8440 -1423
9140 -13148
9320 -16163
9660 -21858
6772 26516
7700 10972
8176 2999
8648 -4907
9368 -16967
7156 20084
8604 -4170
6768 26583
6948 23568
9172 -13684
8572 -3634
6584 29665
6692 27856
9564 -20250
7672 11441
8508 -2562
8632 -4639
9360 -16833
7280 18007
6696 27789
7004 22630
6832 25511
6784 26315
9236 -14756
7412 15796
9280 -15493
7912 7421
8800 -7453
8940 -9798
7288 17873
9248 -14957
9492 -19044
6880 24707
6684 27990
9484 -18910
7196 19414
6940 23702
7212 19146
6580 29732
8288 1123
7080 21357
7732 10436
8144 3535
7784 9565
7248 18543
9012 -11004
6764 26650
8988 -10602
7612 12446
9416 -17771
9212 -14354
8932 -9664
7560 13317
8484 -2160
9200 -14153
6656 28459
9528 -19647
7880 7957
8324 520
7616 12379
9364 -16900
7996 6014
9256 -15091
9288 -15627
9164 -13550
7796 9364
7652 11776
8096 4339
6856 25109
8104 4205
6800 26047
8140 3602
6828 25578
8816 -7721
9648 -21657
6992 22831
7776 9699
8512 -2629
7524 13920
8212 2396
7892 7756
6596 29464
8404 -820
6624 28995
6836 25444
9488 -18977
6924 23970
9228 -14622
6864 24975
8184 2865
9704 -22595
6912 24171
9536 -19781
9508 -19312
9124 -12880
9096 -12411
8908 -9262
8100 4272
9332 -16364
7964 6550
7400 15997
8596 -4036
7468 14858
7160 20017
9480 -18843
8728 -6247
7140 20352
9676 -22126
9028 -11272
7968 6483
9176 -13751
8636 -4706
9352 -16699
7828 8828
8228 2128
9568 -20317
9400 -17503
7380 16332
6776 26449
8528 -2897
8456 -1691
9468 -18642
9136 -13081
6676 28124
8284 1190
6860 25042
7628 12178
6980 23032
8052 5076
8244 1860
9592 -20719
8196 2664
9540 -19848
9472 -18709
9692 -22394
8444 -1490
8272 1391
9004 -10870
9128 -12947
7664 11575
9188 -13952
8928 -9597
6920 24037
7388 16198
8072 4741
8652 -4974
7424 15595
8232 2061
7620 12312
7492 14456
9232 -14689
7296 17739
9428 -17972
7268 18208
8676 -5376
9088 -12277
8040 5277
6632 28861
9216 -14421
9296 -15761
6892 24506
7484 14590
7772 9766
8848 -8257
9184 -13885
6932 23836
9672 -22059
7176 19749
8536 -3031
8540 -3098
7916 7354
8276 1324
8260 1592
9144 -13215
9552 -20049
7940 6952
6664 28325
8344 185
8804 -7520
9220 -14488
7520 13987
6944 23635
8492 -2294
8768 -6917
8880 -8793
8608 -4237
6996 22764
9608 -20987
8968 -10267
9336 -16431
7920 7287
-29404 -6713
-3756 21847
-22076 1447
-19099 4762
-3985 21592
-1695 24142
-2153 23632
-14061 10372
-23679 -338
-17038 7057
-9023 15982
-6046 19297
-25740 -2633
-21847 1702
-17725 6292
-25511 -2378
-13145 11392
-5130 20317
-17954 6037
-6504 18787
-9710 15217
-8565 16492
-16809 7312
-5588 19807
-7420 17767
-5359 20062
-25969 -2888
-1237 24652
-14977 9352
-12000 12667
1740 27967
-11084 13687
-11542 13177
-3069 22612
-29633 -6968
-20931 2722
-20015 3742
-19557 4252
-4901 20572
-21160 2467
-19786 3997
-16580 7567
-10855 13942
-21618 1957
-17267 6802
-8107 17002
-26198 -3143
-24824 -1613
-16122 8077
-19328 4507
-2840 22867
-23450 -83
-28946 -6203
-9481 15472
-17496 6547
-22534 937
-29862 -7223
-14290 10117
-1466 24397
-18870 5017
-4672 20827
-7649 17512
824 26947
-11313 13432
-10397 14452
-24366 -1103
366 26437
-13603 10882
137 26182
-18183 5782
-92 25927
-24595 -1358
1053 27202
-6275 19042
-12916 11647
-28259 -5438
595 26692
-10168 14707
-15206 9097
-9939 14962
-22992 427
-9252 15727
-26656 -3653
-3298 22357
-6962 18277
-15664 8587
-23221 172
-28717 -5948
-27801 -4928
-20244 3487
-23908 -593
-27343 -4418
-550 25417
-7191 18022
-8794 16237
-16351 7822
-8336 16747
-20473 3232
-14519 9862
-18641 5272
-779 25162
-12687 11902
-4443 21082
-25282 -2123
-28030 -5183
-7878 17257
-15893 8332
-6733 18532
1282 27457
-21389 2212
-29175 -6458
-1008 24907
-25053 -1868
-28488 -5693
-14748 9607
-20702 2977
-11771 12922
-321 25672
-13374 11137
-15435 8842
-5817 19552
-2611 23122
-27572 -4673
-24137 -848
-1924 23887
-18412 5527
-26885 -3908
-2382 23377
1511 27712
-12229 12412
-10626 14197
-3527 22102
-22763 682
-22305 1192
-27114 -4163
-26427 -3398
-1838 17767
1477 -368
-2569 21766
2208 -4367
338 5863
576 4561
2514 -6041
1613 -1112
-3606 27439
-2 7723
610 4375
-3555 27160
1953 -2972
-2365 20650
-53 8002
2089 -3716
2667 -6878
-1923 18232
49 7444
-818 12187
-1515 16000
-70 8095
-1107 13768
-3419 26416
-274 9211
2310 -4925
-1430 15535
1052 1957
1341 376
-1787 17488
-308 9397
1103 1678
-988 13117
1851 -2414
-546 10699
-3980 29485
-1855 17860
-1464 15721
-3759 28276
2055 -3530
-3215 25300
-2773 22882
1426 -89
2650 -6785
1273 748
-2892 23533
-3470 26695
389 5584
-1413 15442
304 6049
-3402 26323
-3028 24277
542 4747
-2195 19720
-3045 24370
2429 -5576
-1090 13675
-1124 13861
2497 -5948
117 7072
-1974 18511
2293 -4832
933 2608
-3011 24184
-1379 15256
-104 8281
-3674 27811
-3232 25393
1817 -2228
-2025 18790
-2263 20092
-2535 21580
-1141 13954
-2705 22510
-1770 17395
2021 -3344
1528 -647
-1277 14698
1205 1120
2446 -5669
1086 1771
644 4189
2412 -5483
1409 4
-3130 24835
-3589 27346
-1549 16186
-2943 23812
1358 283
-1192 14233
1460 -275
-1940 18325
134 6979
2242 -4553
508 4933
-3929 29206
-784 12001
-1634 16651
695 3910
2463 -5762
2123 -3902
-172 8653
-2127 19348
-2059 18976
100 7165
882 2887
-3912 29113
-3147 24928
1188 1213
746 3631
-342 9583
-1906 18139
1375 190
-3572 27253
-3793 28462
-886 12559
-87 8188
-563 10792
1562 -833
-1362 15163
-3742 28183
457 5212
-1158 14047
-1311 14884
-2467 21208
2378 -5297
32 7537
2004 -3251
-3997 29578
-3538 27067
-920 12745
-1447 15628
-3334 25951
-3164 25021
253 6328
2582 -6413
1800 -2135
-3198 25207
-4048 29857
-750 11815
-3181 25114
-529 10606
-410 9955
1868 -2507
-3079 24556
-869 12466
-393 9862
-257 9118
-3453 26602
-2314 20371
763 3538
2174 -4181
2565 -6320
-461 10234
-2042 18883
287 6142
-1039 13396
-3249 25486
1511 -554
-937 12838
1749 -1856
2038 -3437
15 7630
814 3259
202 6607
797 3352
1630 -1205
627 4282
1919 -2786
-138 8467
270 6235
2718 -7157
1647 -1298
-1753 17302
-2994 24091
-648 11257
372 5677
-495 10420
2072 -3623
1137 1492
-1481 15814
2361 -5204
967 2422
-2603 21952
2140 -3995
-1889 18046
-665 11350
-1617 16558
-2331 20464
-1702 17023
-3385 26230
-2297 20278
355 5770
1171 1306
-444 10141
2344 -5111
219 6514
-1209 14326
-1821 17674
-223 8932
-2229 19906
-1243 14512
-3946 29299
-2824 23161
899 2794
-3895 29020
-733 11722
-2348 20557
1783 -2042
1494 -461
-3708 27997
1443 -182
-1498 15907
-2875 23440
-3317 25858
-2110 19255
-2518 21487
1392 97
-1957 18418
780 3445
-2807 23068
2225 -4460
2395 -5390
-3266 25579
1545 -740
-1566 16279
-3436 26509
-1736 17209
1885 -2600
950 2515
1681 -1484
-1328 14977
-3878 28927
-3351 26044
-4031 29764
151 6886
-427 10048
1154 1399
-478 10327
-3300 25765
-971 13024
-36 7909
-1600 16465
-376 9769
2599 -6506
474 5119
-1226 14419
-2586 21859
-3640 27625
406 5491
2531 -6134
-2637 22138
-2654 22231
2276 -4739
865 2980
661 4096
729 3724
-682 11443
-4014 29671
1035 2050
2616 -6599
-1668 16837
-2620 22045
-1345 15070
-1532 16093
-2416 20929
916 2701
66 7351
2735 -7250
