303
-16128 29063
-20416 23943
-23833 19863
-29327 13303
-27652 15303
-22426 21543
-20617 23703
-26245 16983
-24101 19543
-22024 22023
-25575 17783
-17669 27223
-16195 28983
-20483 23863
-19277 25303
-29059 13623
-16396 28743
-22091 21943
-22962 20903
-24637 18903
-16664 28423
-29729 12823
-18674 26023
-18942 25703
-22761 21143
-24235 19383
-24168 19463
-20081 24343
-27317 15703
-28389 14423
-28322 14503
-25910 17383
-23297 20503
-24503 19063
-25642 17703
-18473 26263
-16999 28023
-21220 22983
-29528 13063
-28456 14343
-15927 29303
-17401 27543
-18004 26823
-21957 22103
-22627 21303
-23699 20023
-15592 29703
-24972 18503
-29930 12583
-19076 25543
-29193 13463
-23364 20423
-28858 13863
-27853 15063
-19478 25063
-26044 17223
-15726 29543
-16530 28583
-21153 23063
-27920 14983
-18406 26343
-26446 16743
-15860 29383
-20818 23463
-25374 18023
-18071 26743
-19612 24903
-24369 19223
-25240 18183
-22359 21623
-28188 14663
-26312 16903
-19813 24663
-15659 29623
-25441 17943
-23967 19703
-16865 28183
-19679 24823
-28992 13703
-17870 26983
-23565 20183
-21421 22743
-21287 22903
-26513 16663
-21086 23143
-27786 15143
-17200 27783
-28925 13783
-28255 14583
-15994 29223
-17133 27863
-26848 16263
-20684 23623
-21756 22343
-17066 27943
-19344 25223
-17468 27463
-24905 18583
-29461 13143
-26714 16423
-20215 24183
-25977 17303
-25307 18103
-25843 17463
-28590 14183
-22493 21463
-22225 21783
-24704 18823
-29863 12663
-27451 15543
-27518 15463
-17736 27143
-20885 23383
-15458 29863
-15525 29783
-19545 24983
-23766 19943
-16061 29143
-19880 24583
-26647 16503
-28121 14743
-28657 14103
-19009 25623
-21689 22423
-21354 22823
-19210 25383
-25776 17543
-19411 25143
-21488 22663
-16932 28103
-21823 22263
-26178 17063
-28054 14823
-29796 12743
-24034 19623
-18540 26183
-18272 26503
-18875 25783
-25508 17863
-27585 15383
-27116 15943
-23900 19783
-23163 20663
-27049 16023
-16798 28263
-22158 21863
-16262 28903
-16329 28823
-20014 24423
-18607 26103
-16463 28663
-19947 24503
-18741 25943
-20751 23543
-19143 25463
-17535 27383
-20282 24103
-26580 16583
-26781 16343
-22560 21383
-25709 17623
-29662 12903
-28523 14263
-18808 25863
-18205 26583
-22292 21703
-29595 12983
-29260 13383
-26982 16103
-23632 20103
-28724 14023
-20550 23783
-25173 18263
-21890 22183
-27719 15223
-21622 22503
-17803 27063
-25106 18343
-20349 24023
-23029 20823
-18339 26423
-27250 15783
-18138 26663
-24302 19303
-26915 16183
-26111 17143
-24436 19143
-27183 15863
-22895 20983
-22828 21063
-25039 18423
-16731 28343
-24771 18743
-29394 13223
-21019 23223
-23096 20743
-29997 12503
-17334 27623
-26379 16823
-15793 29463
-27384 15623
-15391 29943
-28791 13943
-17267 27703
-29126 13543
-23498 20263
-17937 26903
-22694 21223
-23431 20343
-27987 14903
-24838 18663
-20952 23303
-20148 24263
-19746 24743
-23230 20583
-16597 28503
2487 -9987
2729 -24947
2157 10413
2685 -22227
2641 -19507
2773 -27667
2267 3613
2223 6333
1981 21293
2025 18573
2663 -20867
1871 28093
2135 11773
2201 7693
2597 -16787
2531 -12707
2795 -29027
2619 -18147
2289 2253
1959 22653
2751 -26307
2443 -7267
1849 29453
2311 893
2179 9053
2575 -15427
2091 14493
2399 -4547
2355 -1827
2047 17213
1937 24013
2113 13133
2245 4973
2707 -23587
2421 -5907
2465 -8627
1893 26733
2003 19933
2509 -11347
-10066 14353
-24588 -4382
-22546 -4052
-18018 -9548
-29338 4192
-13490 -15044
-19150 -8174
-6698 -23288
-28206 2818
-2170 -28784
-3302 -27410
-16886 -10922
-23678 -2678
-5566 -24662
-10094 -19166
-7830 -21914
-27074 1444
-4434 -26036
-15754 -12296
-12358 -16418
-8962 -20540
-20282 -6800
-25942 70
-21414 -5426
10908 -2864
-28864 -13560
-8978 -8212
13244 -13361
8098 -25120
23536 10157
8747 -13520
8427 -6904
8827 -15174
8507 -8558
8907 -16828
9067 -20136
24670 -11233
19156 -20541
13642 -29849
20407 -9755
16871 -25911
22175 -1677
18639 -17833
27479 22557
22984 90
24332 -3229
20288 6728
18940 10047
