800
-29936 14291
-29887 -29547
-29862 22122
-29825 -16497
-29790 9824
-29663 15362
-29445 8555
-29229 -16761
-29225 678
-29181 17360
-29090 -15596
-28942 12824
-28837 4823
-28826 28258
-28614 16695
-28486 -5029
-28438 28807
-28369 21487
-28343 -17527
-28324 8918
-28232 -13589
-28183 26512
-28118 -14626
-27874 16708
-27859 -16717
-27836 16402
-27815 -29245
-27815 -7859
-27787 9039
-27748 16606
-27649 -16031
-27649 28192
-27454 29924
-27423 -18148
-27374 -19886
-27258 7727
-27248 15126
-27238 15374
-27121 26355
-27021 22360
-26734 5797
-26633 4287
-26581 -6979
-26558 -470
-26521 18596
-26386 248
-26369 6687
-26360 -22321
-26245 19017
-26213 10769
-26158 -29526
-26131 23499
-25990 -27820
-25956 -2554
-25892 6594
-25857 21040
-25759 -9452
-25691 -4451
-25676 18475
-25566 25527
-25415 -9771
-25162 11156
-25089 -3651
-25011 24632
-24966 11247
-24959 2455
-24940 -15127
-24846 25950
-24791 -11677
-24753 -29439
-24725 -176
-24720 -2929
-24637 6622
-24623 4300
-24603 24481
-24521 -14295
-24386 26516
-24223 -23205
-24196 12407
-23932 -20346
-23837 -26246
-23825 -25109
-23781 -12883
-23741 -24270
-23721 -6266
-23655 1933
-23594 -776
-23538 -27613
-23478 28353
-23463 -21247
-23252 -7908
-23223 -26255
-23037 -22952
-23017 2535
-23002 -21964
-22937 -9154
-22934 8328
-22831 10657
-22761 -9738
-22671 20149
-22624 -20565
-22616 -16785
-22612 -608
-22571 -9035
-22320 -7358
-22227 14546
-22199 2687
-22157 10963
-22109 20643
-22101 22615
-22041 20324
-22040 -18331
-21972 -6984
-21930 25448
-21841 -15541
-21767 -12709
-21443 275
-21284 -12492
-21041 -7104
-21001 19606
-20990 -8873
-20880 -4038
-20709 -15262
-20524 26250
-20496 -7475
-20314 -1122
-20241 914
-20211 -17421
-20162 -4669
-20161 2839
-20147 -28936
-20018 17959
-19960 -6949
-19868 11514
-19850 -13519
-19661 -24670
-19533 -6665
-19514 16735
-19433 -2015
-19362 24736
-19346 -658
-19177 18392
-18992 -7177
-18757 -16179
-18751 -973
-18749 23800
-18515 17238
-18493 -26107
-18436 3162
-18306 25963
-18249 20525
-18074 16304
-17947 -11015
-17821 -5623
-17816 -9310
-17488 19482
-17309 17899
-16996 3516
-16947 -10246
-16735 13748
-16707 8852
-16683 25557
-16626 8440
-16624 24892
-16605 -24928
-16285 958
-16240 -10056
-16224 -5887
-16183 -7271
-16162 13284
-16039 16680
-16007 -24380
-15877 -29229
-15729 -20679
-15721 21587
-15658 2445
-15494 22837
-15482 -3777
-15396 9737
-15220 -10313
-15206 1103
-15075 16276
-15041 4394
-14980 -26352
-14841 -21569
-14769 -23736
-14755 12323
-14744 27820
-14711 -20271
-14684 21459
-14473 -22558
-14395 13935
-14373 17375
-14245 17534
-14195 19623
-14067 18530
-13971 24112
-13886 -5805
-13860 28335
-13827 6521
-13813 -13408
-13620 6259
-13568 10543
-13496 -12195
-13385 -7322
-13367 -12
-13359 3796
-13349 970
-13313 3870
-13279 -23613
-13096 24118
-13037 -834
-12988 26411
-12981 9946
-12860 25073
-12854 9834
-12850 23749
-12785 -9295
-12741 -21688
-12731 -11750
-12621 -27193
-12562 20017
-12424 9252
-12251 -5827
-12057 -1827
-11948 -27797
-11914 10221
-11899 -24762
-11815 20663
-11796 4116
-11776 -19113
-11731 23328
-11579 727
-11097 25700
-11086 10960
-11036 -6014
-11034 21283
-10865 5810
-10865 17475
-10824 4935
-10813 -22210
-10752 1578
-10741 18989
-10649 25654
-10482 8176
-10336 -23605
-10196 23254
-10177 17709
-10134 9149
-10128 -16522
-10025 18245
-9974 -9414
-9803 -20698
-9785 25456
-9686 21722
-9673 26059
-9560 16580
-9533 26483
-9529 -2418
-9487 6141
-9352 2876
-9347 -11144
-9311 9200
-9194 27531
-8922 19438
-8895 85
-8862 -16850
-8862 -12685
-8816 7299
-8759 19693
-8742 -28860
-8740 8779
-8716 16007
-8716 19135
-8710 -12293
-8595 17973
-8576 9962
-8501 10876
-8254 3901
-7985 -7783
-7974 -11327
-7949 29086
-7900 17182
-7803 19356
-7514 -5354
-7427 -3766
-7399 17620
-7197 -22886
-7157 18783
-7145 21649
-7129 -4523
-7073 -13871
-7063 927
-7059 -5436
-7027 15814
-6857 -1873
-6737 8663
-6637 2588
-6522 27298
-6382 -13087
-6325 -17665
-6285 -25058
-6254 368
-6245 16790
-6223 -1172
-6128 -25368
-6099 1343
-6056 -24304
-5989 21829
-5973 -13819
-5819 -19628
-5804 -13015
-5787 -22491
-5660 4257
-5603 28034
-5571 -28329
-5545 -13669
-5510 -20020
-5454 -22010
-5315 -6939
-5265 -8610
-5055 -7406
-5052 9341
-4989 -5466
-4903 8922
-4716 15484
-4636 -8473
-4605 -1864
-4575 23929
-4249 -14091
-4211 14610
-4186 6903
-4149 21158
-4080 7238
-4029 -10257
-3972 -17968
-3898 8706
-3889 22077
-3790 28098
-3719 -12974
-3703 4147
-3521 12629
-3483 12931
-3409 22169
-3326 20678
-2955 14212
-2801 -20113
-2769 -21957
-2737 -16701
-2410 6625
-2373 -714
-2191 -29831
-2179 -15274
-2123 5408
-1975 10081
-1970 5687
-1842 8932
-1815 18937
-1760 -26423
-1670 16029
-1631 2660
-1498 -5197
-1481 -3703
-1407 13196
-1269 -25862
-993 18272
-966 -25896
-873 -23999
-750 -20296
-661 4516
-576 23643
-551 -18097
-504 12350
-500 29024
-479 25294
-468 -26163
-450 -6551
-404 615
-251 -1892
-187 11387
-175 -21503
-71 -2032
-60 -12574
-17 12789
-7 29635
59 -19658
115 23554
172 22339
216 -4697
240 26304
324 17653
326 29754
372 29492
414 23452
478 23280
538 -7665
733 3884
801 27137
810 -13313
884 13540
934 8961
969 17992
999 487
1117 18548
1132 -12301
1323 21913
1368 27951
1485 1116
1520 10245
1524 16512
1600 -18087
1674 7116
1681 14250
1691 -8503
1768 -5218
1849 -5934
1852 -18387
1892 26070
1973 13422
1994 23515
2070 15561
2082 -26163
2174 -8713
2188 -19139
2214 25925
2219 -13742
2329 16840
2485 -12040
2528 -18066
2544 -20416
2628 -18418
2699 27488
2701 6088
2767 -2891
2958 15112
3091 15308
3106 -6143
3153 -3074
3300 -330
3332 5630
3406 -12501
3420 -20455
3442 5355
3480 28937
3556 -20221
3582 12227
3601 -14654
3612 1197
3634 -19362
3670 -4984
3707 -25184
3884 19656
4274 -4745
4283 6281
4541 11101
4663 -29423
4671 -29690
4786 5843
4805 9680
4869 28679
4973 -4740
4991 27862
5054 16235
5072 -28388
5162 -20990
5171 13801
5228 14251
5446 -14974
5487 19926
5529 -4191
5536 -24175
5542 16929
5599 -13075
5652 19432
5834 -14380
5841 13708
5911 20430
5928 -630
6073 3445
6134 -17977
6136 -26923
6188 4340
6241 -27564
6349 -7593
6377 20553
6485 -21764
6568 -18141
6700 -2493
6733 -14726
6744 8275
6766 19782
6787 -2312
6944 1286
7016 22057
7055 -18415
7165 -16571
7228 -16905
7285 -12492
7349 25812
7350 363
7472 -3583
7494 -22578
7499 -24269
7537 -7131
7595 -2286
7645 -29751
7778 -28160
7898 -11070
7907 -13061
7925 29825
7972 -22855
8074 -5831
8076 -19153
8201 -25925
8262 -8749
8268 21590
8282 -5303
8325 18631
8339 22430
8390 20734
8427 5556
8431 -6672
8574 -29506
8633 27451
8642 -7705
8671 27548
8711 20095
8791 4962
8925 -21172
9010 -20767
9042 25405
9044 15633
9096 11482
9202 -27242
9209 19800
9373 3368
9409 16791
9539 14178
9871 3936
9899 13617
9915 -16877
9931 16733
9944 3154
9955 -12906
10095 3197
10321 11833
10329 7502
10352 8053
10394 25114
10570 21048
10586 -4422
10597 -21359
10646 24777
10689 6476
10741 28965
10744 6910
10784 23631
11138 -22353
11187 8500
11243 11808
11405 -13459
11454 153
11456 -24966
11464 -14261
11619 14426
11880 -22577
11906 -5880
11931 5530
11938 -8378
12018 2309
12037 11547
12084 26642
12154 -15524
12173 -11317
12297 7225
12301 -18592
12335 -6226
12459 18247
12513 25903
12531 2131
12559 552
12570 10337
12677 -24992
12683 -28448
12829 -24532
12900 -4382
12960 -15290
12972 -15247
13024 13753
13033 13271
13043 -26820
13045 22101
13257 -11093
13291 -237
13293 -25705
13359 -4435
13374 -17677
13427 -27033
13449 -20193
13509 -17297
13568 25168
13673 7292
13767 -11695
13852 -3456
13853 -29640
13919 10912
13998 -7835
14320 7389
14519 -24750
14559 -28608
14562 2973
14658 28752
14693 -6967
14899 20361
14930 3482
15099 11011
15123 17948
15220 11829
15247 15603
15261 9221
15312 17171
15374 -18214
15375 -29816
15424 5704
15450 -17051
15518 -18624
15728 -4389
15740 17099
15749 16980
15798 -20076
15833 -22634
15843 21124
15866 9770
16036 -2351
16142 -10675
16182 513
16196 -1544
16219 -18927
16343 -16431
16419 278
16506 -24588
16571 15929
16811 20580
17031 -4241
17035 18769
17095 3376
17120 -8515
17196 -98
17204 3324
17223 -29733
17232 -16414
17289 9189
17405 21767
17513 -27157
17527 -23021
17534 -2852
17664 21356
17832 318
17895 -8720
17984 10250
18008 -5228
18392 -23004
18432 -25671
18573 -23978
18626 -17294
18654 -29001
18666 -9264
18788 8769
18806 -2465
18940 1154
18999 -15465
18999 -15131
19069 -8887
19206 -19877
19217 -17362
19230 -1787
19402 22548
19533 -29714
19555 -17118
19568 22476
19574 -6432
19664 4915
19699 2031
19872 17900
19886 -29782
19906 5851
19921 28583
20045 1561
20075 -14973
20232 28439
20271 -13032
20315 6574
20387 10355
20415 -5667
20569 4013
20581 -13928
20689 2031
20689 9876
20819 5262
21025 15051
21175 15875
21212 21997
21229 24103
21375 8306
21375 28379
21407 -50
21441 2187
21539 25471
21566 -22123
21703 22738
21711 23328
21733 -14043
21782 -26218
21861 6416
21884 4562
21948 6585
21991 -15335
22069 -3442
22260 -3840
22272 -6899
22310 16383
22518 21607
22604 -13950
22689 2589
22828 10391
22941 16127
23113 -16901
23125 -315
23277 13913
23341 5582
23353 1342
23428 -521
23517 24619
23545 17988
23739 -4193
23740 24775
23752 22959
23820 17119
23950 -15029
24094 -2557
24121 -4836
24216 -5212
24321 -20545
24416 -27654
24664 14739
24886 15736
24938 -7923
24975 27299
25075 -13162
25305 15013
25452 -652
25479 -2007
25480 3085
25488 12991
25513 -5124
25775 -14396
25867 19746
25955 -24889
26074 13178
26236 -26663
26308 14587
26332 5068
26666 14957
26738 536
26806 -19303
26921 -20539
26925 -14210
26951 -5837
26995 3396
27416 221
27432 15159
27559 3079
27633 -12653
27697 22592
27712 12270
27755 -20135
27760 -5058
27790 -16390
27999 -4768
28006 7852
28080 692
28145 28798
28208 -2113
28249 4375
28362 9581
28400 6586
28421 -11931
28706 -1045
28794 785
29175 3709
29232 -27827
29256 20982
29318 -4429
29346 -8823
29495 2411
29501 -3513
29750 10853
29878 -15921
29884 -4462
29967 3216
