854
17292 -23974
-2143 29386
29509 -586
27862 9684
-15060 -25443
26122 13685
29368 -2989
-28968 -5748
29417 -2445
-2482 -29468
-17529 23699
29410 2421
5499 -29055
20219 -21557
6214 28802
-16316 -24656
-4130 -29282
-8589 -28296
-16993 -24193
27557 10516
11554 -27215
-5316 28982
22001 -19729
13967 -26056
-19875 -21882
-28079 9064
-15316 25182
-8001 -28468
-17522 -23812
-8517 28210
-26894 -12230
6764 -28786
25479 14844
-12220 -26926
1923 -29509
21894 19740
-29428 -2413
-26053 13831
-26808 -12418
4036 -29294
17971 -23468
27763 -10071
-23958 -17303
-26622 -12814
-27360 -11143
11331 27201
-7574 -28585
17867 -23548
-13341 -26387
-10542 -27627
-13111 26394
9073 28034
17247 23898
-29445 2082
-16172 24642
-1244 29438
-27531 10604
19545 22063
13015 -26546
-29515 -698
29474 1486
14599 -25707
15498 25066
-8325 28267
26607 -12827
15015 -25466
-28269 8455
-1131 29442
2064 -29499
3689 -29340
-29381 2826
-9326 -28061
29129 -4807
-3460 29261
-29368 -3063
26819 12268
-9423 27921
-29163 -4645
27492 10684
2499 29358
26394 -13263
-5050 -29138
-29522 -217
28779 -6602
-17344 23834
18821 22682
136 29464
-22049 -19684
-8167 -28421
-27625 10358
12270 26791
-10608 27494
-7364 -28640
20117 -21652
-2179 -29492
28847 -6295
5228 28997
-3748 -29334
29495 -1111
-26346 13266
29375 2809
-11633 -27185
29162 -4599
-13775 -26163
9526 27883
29512 -396
-6831 28664
-15124 25298
-2796 29332
10353 27588
-19124 22435
-24465 16469
-22505 -19159
28271 8421
-29503 -1120
-25481 -14961
-4738 -29190
25337 -15192
13902 25983
29105 -4952
29504 731
-27540 -10688
9419 -28028
24184 16865
-22457 19108
-10532 27523
-25998 13933
-11356 -27302
27831 -9880
-22252 19346
-10282 -27725
24537 16349
-24563 16322
4046 29185
5862 28875
-19985 21673
-20167 -21613
-18080 23282
-28560 -7530
6223 -28908
24810 -16042
-12870 26513
-29521 178
9181 27999
28075 9051
-25180 -15465
-17935 -23502
28383 -8148
-23615 -17770
-14424 25702
-12843 26526
-2421 -29473
26770 -12481
23648 17606
27746 10009
24694 -16220
-24088 -17121
-24728 -16180
29457 1787
-27946 9463
-26718 12504
-27614 10387
-29096 4945
6255 28793
-12172 -26948
-24337 -16764
21225 20455
7090 -28707
-8073 -28448
2880 -29431
29500 -966
23350 -18107
16051 -24824
-25394 15001
-24200 -16962
28048 -9242
317 -29570
-27138 -11676
20192 21474
-23155 -18366
15175 -25370
24883 -15927
3335 29275
3769 29222
24352 16623
13066 -26521
-22702 -18925
-5543 -29048
6449 28750
-13079 -26518
25406 -15076
-28914 -6015
5108 -29126
25111 -15564
15739 24915
-27699 10159
-22724 18791
21743 19906
25364 15039
7312 -28651
-11582 27099
-2728 29338
-15320 -25288
-28828 6311
9011 28054
10238 27630
-22546 19003
-26895 12119
-4411 -29241
-25119 -15564
13284 -26412
27919 9519
19920 21726
13385 26253
18912 -22714
-17428 23773
-14115 -25981
-28632 -7250
-29480 1514
6786 28673
5769 -29002
-6234 -28907
13634 26125
26727 -12574
-11999 26917
-17128 23990
26957 11963
29321 3314
11898 -27066
-7313 28545
-8031 28352
19078 -22575
-8395 -28354
-28923 5862
26840 12223
-141 29464
19783 -21958
29484 -1383
11742 -27134
26173 13587
-16841 -24299
18182 -23305
-28780 -6629
-26707 12527
8686 28156
8702 -28259
-25947 -14135
-11383 27183
19093 22455
24479 -16543
-10711 -27562
-15524 -25163
-26310 -13445
-28266 -8574
24094 -17101
19104 -22553
20340 -21442
3480 29258
-5984 -28960
-29307 -3612
21716 19935
-25791 -14419
-16541 -24505
-28490 7684
-20290 -21497
27021 -11927
-25860 -14294
-14577 25616
-3716 29230
-21867 19779
-25691 14489
-21426 -20362
-425 29461
-21268 20420
-4201 -29272
-20402 21283
29479 -1500
12218 -26923
6874 -28760
2814 29329
-25139 15423
-27070 11726
-19445 -22266
-1057 -29553
-29495 1218
-5606 -29036
-18741 -22862
-5812 28887
-19259 -22427
9654 -27947
-2964 29315
-18257 -23252
21554 -20218
23232 -18259
13532 26178
19257 22314
-29395 2681
13820 26027
-21020 -20782
7980 -28472
27324 -11211
12829 -26636
-14744 -25628
-13706 -26199
20676 -21117
14142 25854
28391 8011
25614 14611
4685 29089
24985 15658
26177 -13688
-28837 -6375
-8308 -28380
-20874 -20929
-29517 -582
-29262 3852
4182 -29274
-14067 25899
-24835 15907
26064 -13903
-21485 20192
-27087 -11795
26592 12751
27146 -11639
-19621 22002
17776 23508
-10746 27440
-13652 26119
28125 8895
29497 955
23844 17340
10391 -27681
25771 -14440
7326 28539
14940 -25510
-3157 -29403
29514 -132
25221 15276
4257 29155
25205 15302
-13192 26354
16217 -24716
-7173 -28688
8188 28305
-22355 -19335
23556 -17837
-753 29455
-3393 -29377
10963 -27459
28668 -7071
23984 17147
6111 -28932
-25752 14380
-19770 21869
-6152 28817
-26932 12038
-28664 7012
22541 19000
-287 -29571
-21643 20023
-14192 25831
26317 -13414
-27295 11195
-6308 28783
8246 -28396
-29239 4020
-1611 -29528
21161 -20630
12399 -26840
-3660 29237
29501 -927
9761 27802
-8979 -28175
-22933 18536
-29065 5118
-17373 -23921
-29511 -858
-29434 2224
608 29458
28138 8854
28332 8216
23003 18439
-29413 -2592
27600 -10511
-22530 19022
-28730 -6844
-13407 26245
24513 16385
-23430 17906
-27452 10806
26918 -12159
-21923 -19824
25645 14556
23736 -17596
-24214 16834
-29184 -4511
-7019 -28726
17372 23808
5839 -28988
27219 11358
8011 28355
1666 29417
-14335 25752
-1464 29428
18159 23214
22439 -19228
-20340 21341
5634 28921
-3259 29284
-29522 1
-19053 -22603
2199 29382
29412 -2510
7543 28483
-29179 4435
-20124 -21653
16791 24220
4697 29087
-26014 -14011
29395 2592
23588 17687
-18690 22797
14636 25578
20570 21113
367 29462
28488 -7768
-9710 -27931
17946 23379
-28485 -7809
29391 2636
-2230 -29488
-6564 -28834
-1613 29420
14416 -25810
25080 15505
-11347 27198
27661 -10348
17475 23733
-20666 21026
-28169 8781
11979 -27030
12347 26756
29512 292
17575 23659
-19657 21970
28698 -6948
-28768 6577
2381 -29476
-26439 13080
-29479 -1648
14742 -25625
-27235 -11446
14777 25497
10881 27384
-19338 -22359
-29507 894
27795 9873
-27046 -11888
-29375 -2995
26040 13839
-19490 22118
-25913 14089
21734 -20024
-9491 27898
5403 -29073
29198 -4363
-6771 -28786
-28158 -8924
-12751 -26678
510 29460
29509 514
-23299 18075
-29509 816
-12964 -26575
25863 14167
9333 -28057
17137 -24085
16789 -24330
-7483 28501
-23884 17298
-26735 -12575
1397 -29539
-27317 -11248
26370 13203
-4587 -29214
-18430 -23115
12964 26463
-21968 19667
-10826 -27517
29233 -4117
7647 -28563
28013 9238
-5232 28997
23035 -18507
29280 -3765
-19674 -22063
-26733 12472
-18380 23047
-2580 -29459
18656 -22926
5270 -29097
-21375 -20416
22946 18510
27136 11554
26644 -12750
-1301 -29544
20404 21273
28968 5596
28795 6422
-7734 28434
-2254 29378
11874 26969
24251 -16877
-28517 7584
-21802 19850
4478 29122
27303 11156
-4800 29072
16437 -24569
-63 -29572
-26050 -13944
28192 -8790
-29491 -1415
27569 -10592
24900 -15900
-24025 17102
20010 -21751
28187 8698
-18885 22636
17611 -23740
11693 27048
28445 7819
-26305 13347
-23324 -18150
11421 -27271
17028 -24163
-1682 -29524
12927 26481
-19973 21684
-28196 8693
27896 9586
12757 26563
21246 -20542
29448 1925
29362 2940
13792 26042
29338 -3277
-20331 -21458
-892 -29559
-9222 27988
-9637 27848
-25875 14158
-18174 23209
22385 -19291
938 -29557
19338 22244
22004 19618
29032 5260
-28218 -8732
23408 -18032
27925 -9609
-22086 19535
28608 7203
-13975 -26056
-28640 7106
1880 29404
-29521 -342
24017 -17209
8559 -28303
25267 15201
-5103 29020
-28021 -9347
-11624 27081
27531 -10691
5000 -29145
13500 -26302
14483 25665
-20511 -21286
-11824 26994
10176 -27761
26496 12949
-4965 29044
-28871 6113
-21770 -19993
-29213 -4315
-5718 28906
14536 25635
-28885 -6154
-19025 22519
19439 22156
29302 -3588
10555 27511
-16475 24441
656 29457
22088 -19631
27039 -11886
27610 10377
14096 -25987
-22982 -18584
-8707 -28260
-28391 -8148
-10930 27367
7562 28478
-9787 27796
-29513 -783
-9784 -27905
22752 -18855
-27740 10047
28759 6581
29150 4568
28658 7004
-10158 -27771
20675 21010
21094 -20699
6570 28723
-4561 -29218
22909 -18663
-27841 -9872
7617 28463
22403 19161
21025 -20769
1514 29425
-28914 5906
-27903 -9697
26932 12019
28106 -9062
29139 -4746
-29153 4602
19763 21868
23818 -17485
-11400 -27284
-28983 5564
20591 -21201
26501 -13047
20789 20898
18746 22744
27312 -11241
-15695 -25056
-17130 -24096
26253 13433
24270 16742
-4219 29161
-27460 10786
27501 -10768
3766 -29330
-26216 -13627
-1451 -29537
-24914 -15892
16117 24673
-23557 17738
9036 -28154
-19787 -21962
-29172 4481
29303 3471
22467 -19195
20969 -20825
-24391 -16685
65 -29572
-26877 -12268
-26465 13027
23935 -17324
-17043 24050
455 -29568
-7556 28482
-18614 -22967
25991 13931
-29343 3188
9414 27921
-25336 15099
-24923 15769
-15662 -25077
-3867 29210
-4461 29126
-23239 -18260
-15747 24916
28712 6781
6246 -28903
-29315 3433
-22376 19203
-29469 1713
29415 2361
-22082 -19647
-10884 -27494
-1764 29411
-20546 21144
16273 24571
25991 -14039
24859 15857
-27343 11078
9696 27825
-24532 -16477
-2927 -29427
-15691 24951
-27396 -11055
25816 14251
25953 14002
17626 23621
29514 56
-3183 29292
-9591 -27972
14473 -25778
6125 28821
28912 -5987
-27200 11422
28549 -7541
-8811 28120
-24139 -17049
-15847 24852
19479 -22229
20039 21616
-27947 -9568
-3340 29275
-14905 -25535
15188 25255
-27996 9315
15678 -25062
-29280 3720
-3579 -29355
-27847 9748
28610 -7304
29284 3627
-28060 -9230
-541 -29567
29204 4216
-24704 16109
27869 -9771
-21695 -20075
-13782 26051
29439 2055
-6747 28684
29066 -5177
25654 -14648
28332 -8325
10183 27650
25606 14625
-21050 20643
-29520 311
-29072 5079
29323 -3407
-16117 -24786
-29085 -5117
10564 -27616
16692 24289
-17938 23392
-4867 29061
-22847 -18750
25474 -14960
22971 18479
-29383 -2915
2743 -29444
20979 20707
19198 -22473
-27814 9842
-26556 -12950
6602 -28823
28807 -6477
-9091 28031
29443 -2104
-28860 6164
-28523 -7669
10141 -27774
10633 -27589
25569 -14797
-25612 14627
-28382 -8179
-26375 -13316
29478 1411
-28709 -6932
-1952 -29508
22451 19106
-27663 -10365
23233 18149
-3017 -29418
3547 -29358
24767 -16108
29513 -332
29084 -5077
9104 -28132
15348 -25266
29003 -5521
29090 4931
-24571 -16418
-17648 23611
2686 29341
-18604 22867
12572 -26759
-28333 -8347
28667 6968
-735 -29563
-6644 28708
-29065 -5229
19938 -21817
-9441 -28023
11226 27244
3299 -29387
6932 28638
28898 5946
-8975 28068
-28651 7063
-3947 -29307
11959 26931
24367 -16709
-24090 17010
866 29451
-23849 -17454
-28820 6347
-23116 18308
-25622 -14719
15784 -24995
-20086 -21688
28020 -9327
-26086 -13876
-14617 25593
24187 -16969
-28039 9185
24623 -16328
-23353 18006
-6335 28777
21367 -20416
-19132 -22536
-26494 -13076
-25652 -14666
4088 -29287
-17745 -23646
18620 -22955
22765 18732
12523 26674
4518 -29224
-17362 -23929
-12378 -26853
-29336 3253
-7075 28605
-23651 -17722
-9981 -27835
-5657 28918
-13540 -26285
16576 -24476
13748 -26173
29397 -2674
29078 -5111
25953 -14109
-8206 28302
1837 -29515
-25232 15272
-26971 11951
-26755 -12532
-27618 -10484
28834 6246
-10388 27577
-29274 -3872
-12594 -26752
24968 15685
22271 -19422
29242 3946
