1500
-28012 -7594
-21469 19529
19592 -21306
-2738 28867
22592 18108
15022 -24748
-5621 -28431
27851 7871
-24012 -16286
25101 -14400
28753 3274
564 28986
22561 -18127
7320 -28021
-28456 -5716
-28947 2167
28905 1378
-20890 -20126
24753 -14991
26116 12483
27214 -9835
1697 28940
26181 12346
1215 -28945
-23167 -17464
27227 -9799
4518 28631
-28416 -5911
-18794 22111
26829 -10842
28053 -7095
13690 25531
-1945 -28910
-27658 8813
-22756 -17995
25913 12900
-28149 -7071
-27947 7849
-11473 26644
-26393 12083
-24369 15768
-25856 -13172
-28719 4227
-11197 -26741
-6356 -28277
11916 26409
19270 -21598
609 28985
16416 -23844
-7744 -27931
-25145 -14480
23074 -17468
-12231 -26286
27829 -7928
-7748 27950
-8403 27761
-9522 -27379
27924 -7587
-24732 -15173
-13806 25517
-11093 26804
-12891 -25970
11843 -26422
28784 2987
-28053 -7442
8500 -27684
7036 -28094
-7114 -28097
10054 -27156
7437 -27990
8409 -27712
-23303 -17283
3246 28805
28936 295
10134 27146
1368 28958
-24533 -15492
-17204 -23347
-2443 -28873
28800 2829
28774 3083
-28863 -3073
-26520 -11782
23567 16816
7773 27918
-17822 22900
27478 -9071
4233 -28655
10720 26919
-2863 -28835
-21852 -19080
28480 -5119
-3548 -28760
4312 -28643
28357 5781
-22650 -18128
-4676 28620
-29023 -496
-5140 28541
-9341 -27441
22495 -18209
-15431 -24551
17388 23163
23326 -17130
-11032 -26809
28932 567
27921 7618
-21779 -19163
-26436 11989
12607 -26065
-8823 -27611
10311 27079
28181 -6568
1043 28972
13327 -25703
27918 7629
2804 -28832
28720 3553
2913 28841
20182 20767
19830 -21084
-23302 17304
21540 -19331
-26910 10884
-2382 -28878
16282 -23936
27583 -8746
28773 -3073
9789 27273
28874 1925
25214 14221
21019 19917
-18534 -22309
-21403 19601
28261 -6215
728 -28962
-13505 -25657
28894 -1576
26797 10941
-29002 -1203
-27613 8953
-26835 11068
-5751 28425
28200 6506
-2684 28872
-2749 -28846
17735 -22878
10807 26884
-9441 -27407
20295 20656
-15632 24444
-25059 -14628
-28847 3238
8802 27609
-27820 8288
28839 -2376
-26503 11840
20355 20597
27539 8904
18206 22524
3449 28781
930 -28956
2658 28866
-13115 25878
21205 19718
-22883 -17834
22472 18257
-3464 -28770
-6792 28196
21312 -19582
26469 11714
-26334 -12191
-9674 -27326
-9784 -27287
18929 -21898
18798 -22011
117 -28972
26965 -10499
-9499 27407
-24528 15520
6337 -28261
22910 17703
27526 -8924
-28168 -6995
-27117 10358
28243 -6296
-8725 27662
3084 28823
9869 -27224
6618 28216
15653 24373
1595 28946
-3246 -28795
-27335 -9749
18792 22036
25584 -13523
-25295 14237
-28984 -1576
-18788 -22096
-20676 -20345
2824 28850
-26079 12746
-1496 -28936
25298 14071
23705 -16601
-11434 -26641
28487 -5080
-1770 28941
-4725 28612
27870 -7783
-13377 -25724
-17093 23448
19389 21511
-27693 -8683
-28925 2444
-21015 -19996
27401 9321
-28965 1910
18878 21962
-4207 -28672
-16230 24052
515 28987
26070 -12559
28909 -1270
-701 28985
-28433 -5829
-17836 -22869
23221 -17272
-27643 8860
25934 -12838
22957 -17622
-9620 27365
28498 -5018
26718 -11113
13402 25684
-23987 16343
23500 16910
19716 21211
10158 -27117
26793 -10931
-26425 -11993
-18890 -22009
-19673 -21314
28905 -1359
23903 16334
8740 -27609
-26846 -11021
-22900 17832
8057 27837
23949 -16246
-5179 -28514
-8779 27645
-5796 -28396
23180 17347
26098 -12501
28737 -3392
-6933 -28142
-28090 -7301
20664 -20266
3571 28766
25340 -13975
24623 15224
-7877 -27894
1522 -28930
-3155 28825
28921 -965
25629 13457
25961 12803
-1976 28928
6107 28332
-13421 25721
-28619 -4838
-25420 14013
28206 -6460
3962 -28694
6486 28247
-28586 -5029
-28421 -5887
-27276 -9912
27170 9976
5089 28534
-5919 -28371
-3237 28816
-6038 -28346
-6480 28269
-28938 2285
-24356 15788
-28879 -2919
6171 -28298
26658 11276
-23886 16490
4313 28663
692 -28963
-29023 512
22259 18517
-24874 14960
20834 -20091
-22776 17990
28899 -1481
16792 23600
-5061 -28535
-25198 14408
-28351 6235
-12705 -26061
28256 6258
12418 26176
3047 -28807
23024 17554
10397 27046
-20033 20997
-25660 13569
7201 28072
-26567 11696
-551 28988
-28770 3864
-19710 21300
28930 -641
-29027 -150
21674 -19180
5804 28396
22690 17985
-14320 -25213
18522 -22244
17652 22962
26571 11480
-27369 -9653
28640 4152
15900 -24192
-27162 10240
15440 -24489
14590 25026
-26335 12209
-21719 19251
-25239 14336
-28198 -6874
11416 26630
17249 -23247
25596 13520
5981 -28339
18128 22587
25792 13141
27948 -7498
-17071 -23444
13593 25583
18558 22234
9683 -27291
15980 24159
-29025 -362
28827 -2518
-25919 13068
-28921 2491
14707 -24937
18174 -22530
-28291 6502
26224 -12234
-14231 -25263
28933 510
-27466 9394
-3413 28796
25150 14334
24501 15420
28935 378
-26668 11464
-28246 -6674
25725 -13252
-418 -28970
4623 -28594
-28897 -2735
-11010 26838
27174 -9945
-25335 -14146
-21787 19174
-20706 20335
-7287 28073
3193 28811
5731 28411
25790 -13125
21875 -18950
18990 21865
-28612 -4879
770 28981
18577 -22198
23882 -16345
-2538 -28865
-8215 -27797
23159 -17355
-20012 -20997
-28916 2549
-8661 -27662
-15840 24310
-7337 28060
17465 23105
24348 15661
17726 -22885
-29022 -549
-7406 -28022
7890 -27865
-15295 24656
13362 25705
-27051 10529
-19118 -21812
20085 -20841
14258 25217
28268 -6183
-28718 -4214
-12830 26020
28356 -5766
4069 -28679
-3572 28777
-13880 25477
-29013 -902
19533 21380
-16011 -24178
-21725 -19224
27469 9118
-28896 2767
26605 -11381
-28887 2859
-11557 -26588
-6160 -28320
28283 -6114
18098 -22591
27303 9605
-6238 -28303
-18931 -21974
-17585 23082
-13636 25608
-197 -28972
-12674 26096
8565 27684
-1414 -28940
-10401 27079
-28535 5330
-23773 -16632
24186 -15891
22009 -18794
28631 4213
-26218 12458
28934 448
28291 -6077
-28551 5243
28614 4327
-4737 -28590
-28990 1482
1260 -28943
-27313 -9810
27754 -8187
-27292 -9868
27989 7363
17191 -23290
-18716 -22157
-1593 -28931
-21089 19938
-28824 -3417
-25662 -13545
-7062 28130
-15566 -24466
12924 25929
-13123 -25854
22519 18199
-28987 -1520
-12537 26162
24941 -14676
-29026 -280
6297 -28270
13076 -25832
-3914 -28713
-18078 -22679
-24371 -15745
-26689 11415
28678 -3859
14140 -25264
-28275 6571
-28045 -7472
28577 4566
-28993 -1402
28493 5066
12039 26353
18200 -22509
2722 -28840
-25608 13667
-19234 -21710
18673 22137
-16325 23988
-17006 23511
-23919 -16422
25043 14521
-28941 2246
5891 28378
-9165 27520
18427 22343
-24975 -14771
-12244 26300
-11366 -26670
-7236 28086
-2243 -28889
26418 11829
25187 -14249
-22498 -18316
4586 28620
-15710 24394
-28858 -3119
-2503 28888
28457 -5245
21457 -19423
-16391 -23923
26906 10669
2572 -28854
-13317 -25755
5602 -28417
-27897 -8005
26545 11540
22127 -18655
-333 -28971
-2120 28918
-19886 21136
-24477 15600
4809 -28563
8422 27728
11264 26695
28627 4240
28336 5883
-20460 20582
-29000 1270
2943 -28818
15498 24472
25069 14476
27058 10277
-28781 -3761
-5151 -28519
-21620 -19342
23221 17292
-29026 303
-21350 -19639
-28686 4445
-5697 -28416
14191 25255
9066 27523
326 28990
-25250 -14297
24788 -14933
13438 -25645
1901 -28907
19689 -21216
-4946 28575
-16623 -23763
-27745 -8516
-24298 -15857
14581 -25011
16737 -23619
-28502 -5484
17510 -23051
-28437 5830
14773 24918
27436 9217
-25399 14051
14903 24840
-4343 28672
394 28989
-28514 -5421
-1210 -28949
-4382 -28646
28730 -3451
-14700 25014
10059 27174
28124 6828
-25642 13603
-2874 28854
11693 26509
19182 -21676
-28244 6703
24713 15077
-28974 1768
23347 17121
-26941 -10787
-28379 6106
28597 4439
27716 8335
28098 6935
18451 -22303
-4595 -28613
18885 -21936
-27422 -9502
-26520 11802
-28807 -3558
16884 23534
6270 28296
28937 -149
27138 10063
-16888 23596
28526 -4856
-200 28992
28311 6003
-23530 -16973
-28174 6991
-17593 -23056
28444 5335
-10885 26889
-28569 5144
-23733 16709
19127 21745
16504 23803
-26719 -11325
-27591 -9001
22344 18414
22960 17638
-27925 -7907
-3951 28728
-27480 9353
26495 11655
25694 -13312
-17992 22767
-27973 7756
-28973 -1765
-19838 -21161
2354 -28873
28576 -4553
28835 2444
27241 -9760
-1576 28952
-28145 7107
4744 28594
-2369 28899
560 -28966
-11328 26706
-28301 6458
15306 -24573
1144 -28948
-6515 28261
-20734 -20286
-25645 -13577
-5004 28565
27694 -8388
2086 28914
14237 -25209
27788 -8071
22612 18083
16100 -24059
-27869 8122
16985 -23441
-11071 -26793
-9282 -27461
-18564 -22284
-27435 9484
13151 25814
16143 24050
7669 -27927
16620 -23702
-1304 -28945
-14445 -25142
-28330 -6310
23015 -17546
-28739 4088
28915 1148
-2268 28907
27846 -7868
-28992 1443
-28706 -4295
-15794 -24320
-28944 -2187
19338 21557
-20791 -20228
28474 5172
19635 21286
-6602 -28221
26965 10519
-28930 -2364
7080 28103
27576 8788
27418 -9251
21769 19092
11250 -26681
26027 -12648
22750 17909
24462 15482
21659 19217
-27765 8470
28825 2560
25966 -12773
9722 27297
12995 -25873
-24243 -15941
-8150 27836
25742 -13219
-28940 -2239
-7010 -28123
2165 -28888
-28581 5077
-23244 -17362
-17506 -23122
13818 25462
-29004 1174
-23673 -16774
7712 27935
9354 -27406
28452 5292
-19918 -21086
12811 -25965
-1884 28934
-19158 21797
20962 19977
15040 24757
-17167 23394
-14304 25242
28218 6427
-28765 -3881
-23328 17269
27104 -10134
4903 -28547
11133 -26730
11823 26451
-21468 -19510
26608 11394
-22956 -17740
3038 28828
-16588 23807
-28978 -1681
28891 1649
28346 -5815
608 -28965
-16493 -23853
23611 16754
-28951 -2093
15232 24639
26315 -12037
28221 -6394
26737 11087
239 28991
14739 -24918
26701 11174
-28797 -3637
21361 19549
-25042 -14657
25828 13070
-8466 -27722
26653 -11268
23419 17022
-27818 -8275
28880 1834
-12493 -26163
-13174 25848
-28405 5984
-7881 27913
28667 -3940
-4828 -28575
-26997 10667
22727 -17918
-10656 26980
-25097 -14563
-22938 17783
-13902 -25445
1697 -28920
28696 3743
-27455 9426
23995 16198
-9970 27240
25482 13734
-22462 18380
17172 23324
-17922 -22802
-27233 10049
25761 13202
2017 28919
-14606 -25049
-25160 -14454
-12328 26261
-19635 21369
7388 -28003
20089 20857
27602 -8686
16813 -23565
28277 6162
-6763 -28183
22907 -17687
-24445 15650
-3784 28750
-5397 28494
-28935 -2302
7308 28044
2413 28888
-28616 4876
20033 -20891
7504 27992
12578 26099
1664 28942
25255 14148
23972 -16212
24486 -15424
28924 893
-11506 -26610
24408 -15547
27590 -8724
-10296 -27099
-28645 -4683
19069 -21776
-22757 18014
13651 25552
15813 24269
1426 -28935
-27390 9614
-18767 22134
-784 28983
28843 -2327
-14394 -25171
-6537 -28236
-28978 1702
-27869 -8102
-8320 27786
-17385 23233
7942 27870
23320 17158
-27008 -10619
-20214 20823
-28361 6189
26046 12629
25357 -13944
1387 -28937
11020 -26777
-26277 -12313
-3498 -28766
-26567 -11676
5375 -28461
-15506 24524
-22862 -17861
-12579 -26122
-28259 -6619
461 -28968
-16115 -24109
-10523 -27012
-22824 17929
-5518 -28451
10652 -26926
-18768 -22113
9458 27390
20852 20092
10248 -27083
-14106 25353
-19637 -21347
14938 -24799
-28686 -4425
4720 -28578
-15803 24334
15842 24250
9811 -27245
-22857 17887
26885 10722
-20916 20119
-28676 4509
-19260 21707
-20126 -20888
2721 28860
27636 -8577
9039 -27512
2952 28837
15389 24541
-10750 -26923
-20758 20282
9978 -27184
-24190 16041
-26616 -11564
19648 21274
-23491 -17027
-24935 -14838
-4645 28625
-9285 27480
-27077 10462
27898 -7682
7741 -27907
-28742 -4047
14557 -25025
-16279 -23999
-7493 28019
3595 -28743
-26013 -12860
-1235 -28948
28846 -2290
21510 19384
7131 -28070
28869 1999
-13274 25797
-819 -28962
17017 23438
-12362 26245
-27096 10413
-26198 -12480
-9885 -27251
-15909 -24245
-4173 -28677
26926 -10599
-14497 -25112
-9368 27452
2894 -28823
28827 2537
3228 -28787
-28110 7244
25376 13929
6900 28148
5349 28486
10940 -26810
-3344 28804
-28891 -2798
17062 23405
8026 -27826
-28829 -3375
-8600 -27681
5459 28465
27793 8074
-1079 -28954
-5349 -28483
-23402 -17149
-27796 -8348
6368 28274
869 -28958
28931 619
22589 -18092
-3869 -28719
-25783 13334
-12562 26150
-2606 28879
27739 -8238
-27851 8183
4908 28566
18528 -22239
-26472 -11889
-12120 26357
-20241 -20777
13013 25884
-28407 -5954
-27670 -8756
15063 24743
18704 -22091
-11146 26782
15918 24200
18003 22687
-28665 4579
-3883 28737
-28727 4172
1746 28937
-3489 28787
-8917 -27581
-18350 -22460
8877 -27565
-27622 -8906
-1788 -28920
20979 -19939
1142 28968
-10727 26952
4172 -28664
27552 -8843
20240 -20690
28936 -275
-5722 -28411
1428 28955
-25545 -13764
6669 28204
24713 -15057
-8095 27852
22411 18332
-23201 -17419
-29020 -645
-1836 28937
8310 -27742
-20996 20036
23609 -16737
16583 23748
-29001 1247
-24418 -15672
28408 5524
-27516 9247
-7130 28113
-26617 11582
-27936 7888
22852 -17758
-25425 -13984
-18063 22711
19061 21803
28933 -494
-29008 -1049
17335 -23183
17639 -22952
-28056 7451
6243 28302
-29021 615
28898 1521
-6846 -28163
-28917 -2517
-28355 -6197
-7987 -27863
-6400 28287
18347 22409
20734 20214
11803 -26440
10637 26952
28912 1223
9943 27217
6884 -28132
26628 -11327
3839 -28711
28379 5672
21652 -19205
-8911 27603
24851 -14828
-26133 12635
116 28992
9263 27457
23753 16552
-4658 -28603
-6324 28304
23855 16404
-11776 -26492
14860 24866
28636 -4159
20464 20488
-24848 15003
-28902 -2682
-15166 24735
-491 28989
21206 -19697
-19041 -21879
28752 -3263
22770 -17863
24972 14643
28333 -5878
-27012 10629
-22228 -18642
-28964 -1907
25455 -13764
28482 -5108
-9047 27559
-3539 28781
19942 20998
3449 -28761
1017 -28953
-12834 -25998
-21259 -19737
27208 9872
9409 27407
-13532 25663
-23643 16836
20877 -20046
26413 -11820
23690 16642
-25833 -13217
3093 -28802
-15272 -24650
17992 -22676
11474 -26585
730 28982
15405 -24511
-2419 -28875
-28528 -5347
21697 19174
25983 12758
28145 -6721
-23000 17703
12636 26071
27301 -9591
23105 -17427
-26490 -11849
5756 -28386
-28982 -1613
-12059 26385
28697 -3715
16298 23945
15125 -24685
9507 -27353
-28750 -3990
-2914 -28830
6084 -28317
27344 9487
26359 -11940
26179 -12330
28918 -1049
-2175 28914
11785 26468
28724 3520
-25707 13480
2436 28886
28764 -3156
4325 -28641
-26805 -11120
13143 -25798
-9588 -27356
-28893 2798
-26896 -10899
12065 -26321
28926 -802
5790 -28379
28338 -5854
-15646 -24415
-22401 18454
-3090 -28812
-17284 -23288
-7459 -28008
27402 -9298
-28544 -5261
12495 -26119
-28699 4360
27372 9406
19014 -21824
-22060 -18840
3657 28755
4873 28572
28767 3148
-28797 3657
-3793 -28729
-27672 8769
-5610 28453
10358 -27041
22230 18552
27018 -10362
-28300 -6443
-26444 -11951
323 -28970
-24452 -15619
-10187 27160
-28226 6779
-19467 -21502
-13821 -25489
-12474 26192
-24098 -16159
6230 -28285
-29009 1043
-8136 -27820
-10902 -26862
-24130 16131
-6567 28249
28664 3981
15156 -24666
-28368 -6137
7766 -27900
-960 28978
-24789 -15080
-26176 -12526
-16717 -23697
27134 -10054
-2781 -28843
24888 -14766
25313 -14024
-17963 -22770
-1303 28965
-28757 3960
-28273 -6559
20291 -20640
28162 6669
-7459 28028
24448 -15484
28555 -4683
28128 -6792
21084 -19828
-335 28991
17600 -22982
14514 -25050
-28482 5606
-1233 28968
13514 -25605
-653 -28966
7251 -28039
-27634 8888
28907 1337
17926 22748
-7229 -28068
-5268 28518
-19955 -21051
12297 -26213
-8249 27807
7369 28028
28862 2099
28871 -1951
-8677 -27657
867 28978
28057 7099
-28970 -1814
17062 -23385
-11515 26626
-18318 22506
-19234 21730
28919 1045
-24225 15988
13480 25643
21100 19831
28794 2890
-16727 23710
24180 15920
-27708 8655
-29019 -688
-25887 -13111
-24315 -15831
28814 2681
25762 -13180
-25377 -14071
24046 -16102
-20597 20445
-4074 -28691
3680 28752
-28601 -4943
25562 13584
-23085 -17572
28876 1895
-10966 26856
28830 -2483
19885 -21032
-16239 -24026
21768 -19073
28027 7217
-6123 28348
-28441 -5790
6485 -28227
2267 28900
-28539 -5288
-28498 5524
-12771 26049
-13342 25762
-26306 12271
27113 10130
-22061 18859
-14772 -24952
21267 -19631
-741 -28964
13271 -25732
27974 7420
-4981 -28549
-21141 19883
241 -28971
-9722 -27309
14014 -25334
1825 28932
-24868 -14950
-5486 28477
5221 -28490
7433 28011
24553 -15317
17817 -22814
11630 26537
26454 -11728
-23243 17383
26921 10631
-24703 15240
-24196 -16012
-10628 26991
24410 15564
-601 -28967
13623 25567
21864 18983
-15588 24472
28037 -7158
-7909 -27885
18422 -22327
27878 7774
-1475 28957
28929 705
7658 27950
-20858 -20159
26009 -12685
9618 27334
-29017 -765
-28930 2385
-25768 13363
25129 -14351
-21158 -19845
2218 28904
-11628 26577
20662 20288
21754 -19089
24030 16146
28178 6601
26744 -11050
14214 25242
-24468 -15594
28561 4666
28018 -7232
-28671 -4521
23796 16490
4019 28706
-16946 -23534
4467 -28619
5039 28543
4352 28657
17343 -23177
-1648 -28928
11709 -26482
2256 -28881
-17656 -23008
23538 -16837
12214 -26252
25092 14436
28651 4074
16055 24109
28373 -5682
3391 28788
-7406 28042
17769 22871
12278 26242
-8286 -27776
21979 -18829
12165 -26275
-25710 -13454
-26058 12789
-24934 14860
-26766 -11213
-21987 -18925
-27624 8919
14409 -25111
17842 22814
-26009 12888
24270 -15762
21573 -19294
-4958 -28553
16966 23475
-28716 4247
-27999 7662
13256 25760
22169 -18605
14724 24947
20829 20116
-22597 -18194
28886 -1716
9310 27441
24914 14742
12795 25993
11128 26752
21455 19445
-5078 28552
26512 -11596
-11619 -26561
-28973 1784
6014 28352
26837 10842
-29025 388
-28078 -7347
27242 9777
-6206 28330
-13231 25819
-22571 18246
-28842 -3264
-7973 27887
-26599 -11603
26492 -11642
-8892 -27589
-14983 -24826
-14086 -25344
-10122 27184
3280 -28781
28086 -6963
15258 -24603
25027 -14529
22459 18273
-28954 2071
6769 28180
22142 18657
-27126 -10315
-12919 25976
17665 22952
26265 12166
28740 3387
27888 7738
5221 28510
-956 -28958
14808 -24877
25679 13361
10986 26811
-8043 27867
960 28975
-16480 23882
-25482 -13880
22239 -18521
16429 23855
-28731 -4125
-22584 18230
27037 -10312
-21393 -19592
-10028 -27199
26405 11858
-22690 -18078
8584 -27658
28648 -4076
26574 -11453
24007 -16160
21128 19801
10227 -27091
26683 -11197
22632 -18038
4145 28688
26357 11965
27272 9693
-16187 -24061
-28857 3148
28310 -5988
28895 1578
1778 -28915
28901 -1441
-26552 11730
15676 -24338
-25028 14701
-25202 14401
5150 28523
-26751 11269
25665 -13368
-7609 -27968
24132 -15973
12738 -26001
7545 -27961
-25800 -13281
-1899 -28913
20702 -20227
-5928 28389
-22281 -18579
-6867 28178
-25126 14533
-11575 26600
-4002 28721
3391 -28768
1841 -28911
21603 19280
-26532 -11755
-1836 -28917
-28130 7166
-3370 -28781
-6270 28316
28923 -904
-8509 -27709
-22694 18093
28244 6312
14311 -25167
-26186 12525
-6725 28212
-24507 -15533
-22546 -18257
-2107 -28899
-1372 28962
6798 28173
-27641 -8847
8733 27631
-27894 8036
-28516 5431
28433 5394
-1535 -28934
-28985 1578
-24620 -15354
-19869 21152
-29027 172
28884 1769
28705 -3653
-26353 12170
-3845 28742
27965 -7434
20941 19999
-28648 4684
-18459 -22371
27875 -7765
-4282 28681
15597 -24389
-3958 -28707
4948 28559
-26107 -12669
-14392 25192
2981 28834
-14147 -25310
15750 -24290
28686 3819
24510 -15386
-24700 -15225
-7715 -27939
28794 -2870
26400 -11849
21492 19404
19451 -21435
-27940 -7854
22089 -18700
27758 8194
4206 -28659
-25573 -13712
-25768 -13343
6765 -28161
-23139 -17501
-22510 18321
15190 24665
-20615 -20407
28142 6753
-22319 18553
9891 -27216
-28957 -2009
22029 18791
-17568 -23075
-7679 27969
-29010 -993
9604 -27319
2604 28871
4561 -28604
-29006 1123
21152 -19755
27722 -8295
-21908 19036
-2005 -28906
-27520 -9215
-3677 28764
-18147 -22624
-17152 -23385
-15048 24807
-23470 17076
