1169
-21027 20243
-23713 17026
-1564 29122
-14285 25442
29156 -715
27159 10606
-16152 24302
-2158 -29135
9237 -27705
12770 26209
-29196 -990
-9883 -27497
10688 27126
24976 15039
216 -29212
-5843 28577
28979 -3306
4519 28807
4437 28820
26825 11423
13676 25748
-7076 28298
-22580 18499
-29173 -1534
12363 26404
11095 -27012
2566 -29098
-28516 -6361
3561 -28992
-29094 -2646
2378 29064
-758 29154
-29161 1704
-24796 15412
-22752 -18338
-11774 -26743
29159 496
-17422 23410
107 -29213
28745 4901
-23854 16828
5199 28692
-23246 17657
9636 -27568
-6261 -28539
-5386 -28716
2532 -29101
26845 -11427
-4133 -28922
24178 -16340
-28716 5333
-3225 28987
-14037 25579
20431 20796
-29207 522
21386 19813
-27600 -9590
13295 -25996
-25959 13365
-23027 17941
21848 19302
26066 -13111
-24037 16566
1254 -29185
28324 6926
-23689 17059
-28654 -5706
11102 26959
11832 26646
10646 -27193
29055 -2546
10237 -27350
23078 17813
-9603 -27596
-14824 -25182
-8914 -27826
-1866 -29155
-19847 -21449
-12425 -26447
-26588 -12120
28908 3832
-4909 28751
4433 -28871
29142 -1161
-22369 -18803
28492 -6253
-360 -29211
-3085 29002
15712 -24607
15892 -24490
-25874 13529
-28196 7608
-8863 -27842
-24960 15145
15463 -24765
-27643 -9465
-23482 17342
-7470 28197
1602 29118
23533 -17258
-29189 -1183
-28483 -6509
-27474 9895
18908 -22240
7005 28304
-29125 2225
27367 -10107
25359 14385
7649 -28186
-15520 24709
-9820 27470
-10405 -27304
-26570 -12160
-10831 -27138
-27778 9012
-24452 -16000
-28810 -4851
-11241 26921
27550 -9596
-9417 -27660
-29185 -1287
29160 -500
14679 -25239
25634 13888
29067 -2402
-26815 -11609
25673 -13866
-26963 11210
26788 11510
-27182 -10720
18141 22821
-21223 20037
27965 -8302
-858 -29201
28096 -7849
27895 -8538
-23611 -17217
-28125 7866
11964 -26637
473 29159
-26931 -11336
-21387 19863
18644 22412
-18329 22709
-1084 29144
14552 25263
25937 13315
28760 4814
-27682 9300
-27966 -8462
-18292 -22789
7057 -28341
-22132 -19081
-25405 14388
-26474 12317
10971 27013
23443 -17380
-15345 24818
25240 -14642
13670 -25801
28718 5055
1819 -29155
-25771 13723
21629 -19596
-5186 28703
8672 -27887
-25448 -14363
23934 -16696
29046 -2646
-20555 20721
-18887 -22298
-21090 20177
-22648 -18466
28145 7618
27708 9078
16548 -24052
25989 13213
26332 12516
9835 -27498
-18155 -22898
-24434 15978
27428 -9939
-14040 -25627
29106 1812
-11717 -26768
-9669 -27573
-28008 8272
28677 -5331
26106 12980
-9106 -27764
26911 11220
-28152 -7819
-3437 28963
-18354 -22739
-27803 -8983
29152 812
-28559 -6165
-22235 -18961
7175 28261
-15708 24591
-18841 22287
-4128 28873
-1102 -29193
-23852 -16882
-17785 23137
20179 21041
-22425 -18736
23085 -17853
-21690 -19582
-9748 -27545
-29079 2759
-7655 -28198
15392 24759
-28385 -6924
814 -29201
-25510 14201
24071 -16497
-28296 -7279
8707 -27876
-25642 13961
-9312 -27696
-85 -29213
-28347 7029
12805 -26242
-12406 26406
2428 29060
-28677 5538
15091 -24994
10810 -27127
-29147 1925
12967 -26162
-26915 11324
-14452 25348
10457 -27266
22413 -18693
28783 -4724
28159 -7617
28810 4505
-27975 -8432
-27241 -10568
26072 -13099
18027 22911
10440 27222
-28629 -5830
24857 -15285
-28757 -5157
-28432 -6725
21442 -19802
29113 1693
-26334 -12662
21924 -19266
24483 15828
-25109 14898
-11108 -27026
11263 -26942
27103 -10798
15678 -24629
19315 21837
-11325 26886
16198 -24289
15762 24525
28363 -6815
-8048 -28088
29007 -3049
-28828 4692
27108 10736
20309 20915
-27328 10292
28853 -4276
27686 -9196
28462 -6387
-29210 346
-29064 2911
18292 22700
19478 21691
7419 28198
7774 28102
-20886 -20437
14020 -25612
-29052 -3077
6352 -28508
-17898 -23099
28050 7960
12485 -26396
16623 23950
-21980 -19256
10059 -27416
-15942 -24490
-28993 -3596
-5060 28725
-615 29157
17431 23368
-29182 1308
27885 8520
3326 28970
-25573 14087
-28111 7916
25225 -14668
-15713 -24638
2475 -29106
-17833 -23149
-11384 -26911
29067 2351
22674 -18375
-8273 27973
29160 435
-8852 27796
13954 -25648
-7064 -28351
24373 15998
-23325 17552
15286 24825
7165 -28314
1408 -29178
29164 56
28229 -7354
-5901 -28615
-4711 28784
-27431 -10065
12106 26523
27224 -10488
19240 -21952
-28855 -4578
22366 -18750
-28963 -3832
17857 23044
29146 -1048
-28957 3824
4663 -28834
-22756 -18333
-27269 -10495
1508 -29173
-15949 24435
-2378 -29118
8190 27983
15340 -24842
-28012 -8308
19107 -22069
27617 -9401
-28667 5588
-16116 -24376
-8218 -28039
-20221 21046
-18143 22858
-19793 21448
26533 12085
-28340 -7106
-17175 -23642
9607 27528
-12857 26190
9332 27623
-11045 -27052
-17591 23284
-23984 16643
27338 -10186
-8242 -28032
18203 22772
13096 -26097
25034 -14992
-28943 3930
28524 -6104
-14721 25193
-4941 -28796
13448 -25917
-6495 28437
2218 -29127
-25733 -13845
-22149 19012
-27150 -10801
-24734 -15560
-19980 21275
4100 -28920
-10937 -27096
-8902 27780
27985 -8234
-20359 20913
-19700 21533
28984 -3261
11834 -26695
8537 -27929
-1440 -29179
-9430 27606
-3462 28960
-28990 3565
-21792 19419
-24000 -16670
-14998 25029
-26473 -12368
28351 6815
4100 28870
-13587 -25870
5764 28583
24747 -15463
29163 -278
-19278 21911
19971 21239
-24579 -15804
-29034 3193
6546 -28464
-19363 21836
-29045 3093
22830 -18180
-16655 -24011
28405 -6637
28772 4742
12668 -26309
23819 -16860
-4449 28825
-16310 24197
-22742 18301
-13345 25946
-15629 24641
477 -29209
-26877 -11464
-24172 16369
-27566 9637
-28710 -5417
-13280 -26029
-17158 23604
23048 -17901
-14794 25150
-11993 26596
25827 13527
14579 -25297
-29207 -584
-28980 -3701
-28491 6422
-27256 10480
24825 15287
-27974 8386
28192 7444
-4278 28851
-25721 13816
20649 20580
-833 29152
12913 -26189
9995 27389
21659 19514
-17738 23173
-26347 12586
-16877 23806
-18713 -22445
25146 -14803
-29210 -363
-25913 -13504
-7824 -28152
26945 11138
-9284 27655
23364 17436
-22240 18906
7777 -28151
-27940 8497
-24327 16139
26470 12222
28054 -7997
-7339 -28281
-27511 -9844
23310 -17560
18790 -22340
29016 -2959
-29129 2174
27011 -11027
1971 -29145
-16958 23748
-26014 13258
3366 -29015
-25251 14655
-28511 6333
-22177 -19029
6167 28499
-5588 -28678
27594 9419
-11958 -26662
-26720 -11826
-29211 259
20773 20455
25980 -13280
-28615 5846
-23419 17427
-19450 21759
-20824 20451
19058 22061
16721 23881
23676 -17061
-29130 -2210
28949 -3564
28454 6375
-21666 19559
-26655 -11971
28944 3551
-28236 -7509
23175 17687
-27698 -9303
-21133 -20182
15033 24979
12228 -26517
-29192 1051
9810 27457
27013 10972
-28977 3670
-11229 -26976
-3730 28927
28138 -7695
-26196 -12946
-29088 -2713
-22473 -18678
-25171 -14841
-29162 -1737
-3068 -29054
26322 -12587
-21258 20000
-21245 -20065
23236 -17657
28436 -6503
-6910 -28389
-20165 -21150
-23222 -17739
-15572 -24727
-10229 -27370
21419 19777
-10499 -27268
-10730 -27178
19672 21515
-6346 -28520
-18115 22880
21289 -19967
-13483 -25924
8305 -27999
-5220 -28747
20996 20226
10215 27308
8676 27836
17374 -23461
-29064 -2962
5486 28638
-28240 7445
26721 -11715
-28600 5920
-7268 28250
-6667 28397
-2238 -29129
-21086 -20231
-8542 27892
6708 28376
23531 17211
-29113 2377
-17671 -23273
-26537 -12231
630 -29206
18508 22524
-27738 -9183
16043 24342
1088 29142
28285 7084
28645 5456
-17104 -23693
-4810 28768
28695 5186
-2307 29073
-12284 -26513
2792 -29077
-7364 28225
-28198 -7652
7871 -28125
14805 25115
-15844 -24554
27300 -10289
29029 2780
7004 -28354
3148 -29040
28627 -5598
4266 28846
22418 18637
10889 27046
6696 -28429
27781 -8904
-8092 28026
-15518 -24761
18383 -22676
28588 -5793
23475 17288
22125 -19033
-8156 -28057
28966 -3421
23231 17613
-22275 -18914
-26814 11560
13217 -26036
-27904 -8665
-28713 5349
-26196 12895
-1956 -29149
13775 -25745
-28027 -8257
15938 24411
18214 -22813
19965 -21294
9002 -27782
11708 -26751
-1186 -29190
28794 -4657
-19275 -21964
-4377 28836
-23462 -17420
-17229 23552
-20536 -20790
-12274 26468
10585 27166
-17357 -23509
-26099 13090
-27852 -8830
21879 19267
28391 -6697
-6134 28516
-11483 -26869
26240 -12758
-16202 24269
29162 290
-26467 12332
-29171 -1574
15998 -24421
-26695 11831
22278 18804
-28878 4380
-29203 -743
16833 -23852
1408 29128
-4893 -28804
22949 -18029
-433 -29210
11676 -26765
-1227 29138
-28289 7258
-21550 19687
21758 -19453
-17259 23530
28692 5203
14197 -25514
-21360 -19942
27407 9949
27988 8175
-25495 -14278
29119 -1643
25700 13766
-27149 10753
28611 5627
17579 23258
-15800 24532
-21985 19201
28409 6570
-1028 29146
27720 -9092
-23329 -17597
-8545 -27941
25788 -13651
24598 -15698
-2109 29088
-7613 28159
20330 -20945
28213 -7415
-3590 -28994
3238 -29030
9503 -27614
24971 -15097
18656 -22452
-17967 22996
-19152 22021
-147 29163
28920 3741
-25649 -13999
-5939 28557
25091 -14896
29075 -2303
-13069 -26136
3166 28988
23933 16648
11573 -26810
-1626 -29169
-3160 28994
28879 4044
-5739 -28648
21157 -20106
-28250 -7456
23628 17077
29143 1076
-29204 -705
-28883 -4395
17686 -23226
1140 -29190
-28039 -8216
342 29161
21770 19390
-13497 25867
27949 -8356
-10465 27231
17179 23554
-27524 9755
12956 26118
-22516 -18626
-346 29161
-20680 20597
-13086 26077
-27853 8777
28669 -5374
-27728 9163
-28949 3885
14806 -25164
26922 -11243
-16524 -24101
-26530 12196
-28931 -4064
-2809 29030
27783 8846
29101 -1939
-930 -29199
2174 29080
22857 -18146
28568 5841
2071 29088
-28798 -4921
-26631 11974
-17476 -23421
-13934 25635
26622 11888
27136 10665
-10000 -27455
24463 -15909
2545 29050
10253 27294
28348 -6878
-21501 -19790
-28794 4897
14282 25416
-29104 2484
-4755 28777
-10631 27167
-28488 6435
-27045 -11061
28876 -4115
8088 -28063
-18720 22389
28083 7844
25369 -14417
-12182 -26560
20010 21202
6737 28369
28790 4630
-29168 1579
28738 4941
17260 -23545
-627 -29207
3577 28940
1996 29093
4870 28750
-24865 -15349
-1735 29113
4213 28854
-28765 -5112
28927 -3735
8241 -28018
-417 29160
-19079 22084
-12620 26305
5099 28710
26391 12392
-10746 27122
-9653 27529
12284 -26491
-12842 -26248
-28568 6072
-28172 7696
-25292 -14634
-12256 -26526
-10971 27032
22194 18904
28584 5762
815 29151
6486 28428
27495 -9753
-17476 23370
4198 -28906
-25077 -15000
-12679 26277
22999 17915
-22488 18611
14378 -25412
-23016 -18004
17001 23683
-21897 -19351
-24942 -15223
-18516 -22607
-26934 11279
-5794 28587
-16001 24401
-10551 27198
-10664 -27204
-9500 27582
24783 15355
17932 -23036
-29024 3283
1647 -29165
-7120 -28337
28721 -5092
-28940 -4000
-4569 -28857
24015 -16579
-2476 29060
26694 11726
-6590 -28465
-11563 -26835
29056 2485
28974 3300
26507 -12192
-22972 18011
-2617 29048
15603 24627
5049 -28769
1253 29135
-27441 9986
25309 14472
-27888 8665
-3262 28983
-16895 -23842
-24070 16518
8508 27888
-10073 -27428
-12114 26541
-10857 27078
-18987 -22213
-13678 25772
-29098 2551
-6844 -28405
29112 -1767
3703 28924
7308 -28277
-10082 27375
-29125 -2276
-28179 -7722
-11575 26780
-19542 -21727
-9106 27714
-26399 -12526
29132 -1393
5343 -28715
-2681 -29092
-19096 -22120
29151 -898
29079 2200
-6061 -28582
3788 -28963
29082 -2211
24534 15749
1186 -29188
-28408 6778
28395 -6680
26167 12858
15156 24905
-29137 2070
-11755 26702
-26139 13010
-22093 -19126
-24152 -16449
5675 28601
-25964 -13405
14412 25343
5974 28540
24642 -15629
-29212 119
8849 -27831
-29034 -3244
-27704 9235
25516 -14154
2949 29011
17069 -23684
9158 27681
29127 1443
11599 26749
-5415 28661
27961 8268
15653 24595
-2978 -29063
27206 -10535
-26297 -12739
-21529 19710
5666 -28653
-29199 851
-24387 -16099
-20958 20314
27354 10094
21837 -19365
-1388 29131
29129 1402
-22948 -18091
-1908 29102
12525 26327
2085 -29137
-17725 -23232
16880 23769
22281 -18850
27815 8745
-21833 19373
27630 9313
16147 -24323
21588 19592
-20295 20975
-29073 -2869
-10371 27267
-4307 -28897
16555 23997
-28764 5070
8465 27901
-21452 -19843
-27619 9485
4829 -28807
-18980 22169
29156 646
-28569 -6119
28997 3096
7893 28069
-29021 -3360
5489 -28687
-28524 6274
-20759 -20567
27574 -9527
16619 -24003
-8604 -27923
29138 1211
7486 -28230
28703 -5190
28427 -6542
-28830 -4734
-29209 -461
-24795 -15463
-8695 27845
-23823 16872
-23546 -17306
21017 -20253
22629 -18430
-29010 3400
27470 -9823
-23565 17229
-25803 -13713
210 29162
-19573 21649
-14117 -25585
9011 27729
-25176 14784
14975 -25064
8893 27767
17268 23489
-29196 941
24253 16178
-7766 28117
-23136 17801
6918 -28375
29162 -365
-27382 -10196
-3424 -29014
5928 -28600
21118 -20147
17426 -23422
24292 -16170
17583 -23304
-7680 28141
-13796 25709
-27845 -8852
-12062 -26615
-15113 24960
16205 24235
25267 -14595
-10692 -27193
2812 -29075
-28428 6693
25502 14129
3938 -28943
-9554 -27613
5003 28727
23798 16840
-6672 -28446
17119 -23648
28423 6510
26790 -11555
20183 -21087
29032 -2797
28305 -7052
-29212 -75
3512 28948
24694 -15547
28043 -8035
28618 -5645
25609 13934
22997 -17967
17812 23079
-16345 -24223
25861 13462
-15294 -24900
21221 19990
28277 -7165
-27090 10902
-28852 4543
-17999 -23021
29164 -63
28956 3454
-6971 -28374
-20999 -20321
-8434 27925
16394 -24158
-27318 -10366
15789 -24557
-25000 -15128
783 29152
6125 -28558
27125 -10743
24668 15539
18731 22340
-18480 22586
-14991 -25083
-28918 4108
-24226 -16339
-12622 -26354
29090 -2101
-26161 -13017
-14365 -25447
2858 29020
-8423 -27978
14061 25539
26674 -11821
3872 28902
25113 14810
27480 9746
7628 28142
-28616 -5894
15194 24882
28820 -4493
-27400 10099
-20500 20775
19778 21418
27578 9466
27861 8599
-10287 27299
7546 -28214
9437 27587
28198 -7472
29102 1879
25387 -14385
-3955 28897
12268 26448
-16964 -23793
6052 28524
-24549 15800
-28089 -8041
-16445 -24155
1116 29141
-23728 -17055
25472 -14233
12813 26188
20542 -20737
-26232 12822
18886 22209
-3829 28914
28387 6663
963 -29196
-10613 -27224
22917 18020
24443 -15940
19629 -21605
-13706 -25807
24128 16364
22597 18420
-9266 27661
28827 4396
12669 26258
-5740 28598
-21694 19528
26416 -12388
-29202 728
24730 15440
20838 -20438
-28814 4777
-29138 -2104
22038 19084
23051 17848
-3934 -28950
-29198 -921
26302 12579
-9970 -27466
24024 16517
-20330 -20991
10431 -27276
26200 -12840
-7432 -28257
13888 25634
28719 -5103
-20061 -21248
15584 -24689
-27034 -11088
-20924 -20398
-23105 -17890
16375 24120
13161 26015
-671 29156
29014 2933
4797 28762
-3704 -28980
-25098 -14965
9378 -27657
-12776 -26280
22094 -19069
12445 -26415
23863 -16798
21546 19638
-5628 28620
3300 28973
22069 -19098
-23584 -17254
2979 -29058
20698 -20580
-6901 28341
13301 25944
11342 -26909
12001 26571
3487 28951
3 29163
-11154 26957
-4506 -28867
26551 -12095
19775 -21471
-28324 -7170
5356 28663
-18194 -22867
22803 18165
28891 -4009
25408 14298
-19134 -22087
-16468 24090
-6277 28485
-28906 -4241
-13986 25607
15216 -24918
11288 26882
-1804 -29159
-26740 11729
25772 -13681
-29108 -2485
-8808 27810
28068 -7948
13520 25830
-16740 23902
28534 6007
14904 25056
19476 -21743
-22333 18797
-23961 16676
-3240 -29035
27213 10467
-14655 -25281
-11870 26651
-2510 -29107
-24304 -16223
-25388 -14468
-27522 -9813
-29149 -1936
3886 -28950
-7587 -28216
-26057 -13224
28960 3421
-2073 -29141
13592 -25842
8378 27927
