1500
24065 -17282
-13158 26705
-11522 27446
-28685 -8035
29494 2805
29533 2353
2519 -29574
-26854 12919
14786 25744
-29349 5172
-16214 -24931
-12929 26816
29578 1685
-258 -29688
-18274 23518
8512 -28417
-18757 23136
-23123 -18742
-12929 -26770
-17594 24029
6717 -28899
27012 12206
-22092 -19941
-11498 27456
6814 28922
29507 2663
-28039 -10050
-16919 -24461
22940 -18753
11678 -27260
-11949 27264
29609 -936
28020 9655
29618 644
14433 25945
3156 29557
-25643 15178
-29202 -5901
25957 14323
22877 -18830
-19593 22435
25416 15267
19624 22255
29405 3628
-29519 4089
-15262 -25521
25030 -15849
-29785 918
-29051 -6600
20323 21615
18952 22833
-22499 -19483
7145 28841
-23656 18114
5827 29140
-19988 -22039
-27331 -11832
-18382 -23388
24856 16167
17695 23826
9661 -28044
-29791 690
22988 -18694
28178 9181
6889 28904
16043 -24929
-23101 18815
29126 -5397
-27321 -11855
-20412 -21649
-23582 -18164
29506 -2628
28552 7934
-3741 -29463
-28833 7536
-24636 -16714
-29116 6355
25562 15020
8402 28496
-2147 29663
-28208 9614
28010 9684
16650 24572
-7744 -28685
18109 -23465
-29580 -3574
-14710 25887
24231 17094
29519 2525
-2963 -29549
-6784 -28924
-25545 -15296
29321 -4213
1575 29688
29563 -1888
29463 3117
-18804 23098
8915 28338
29513 2595
21570 -20318
29463 -3071
29523 -2431
-15048 25693
-18002 23726
29622 408
-27758 -10798
28254 -8897
29456 3183
17840 23717
739 29723
-26148 14292
29012 -5979
-29627 -3165
-5003 29325
-29536 -3918
13359 -26472
27447 11188
26895 12463
19607 -22224
15410 25373
-19403 -22553
29603 -1107
-18039 23698
18892 -22837
1365 -29653
29623 322
14805 25733
-19212 -22715
27308 11525
5871 29131
-27520 11434
17578 23913
-7034 -28865
21470 -20424
-29427 4707
19115 -22650
-29793 -549
-9955 -28002
10851 27648
29606 -1025
-29506 4182
20609 21341
3007 29573
485 29729
28603 7747
10377 27831
-3601 29526
27116 11972
27820 -10174
-29659 -2853
-11252 27557
-22010 20077
-12221 -27098
1645 29684
26278 -13676
-20129 21957
27029 -12122
-28552 8539
22220 19649
-28154 9771
-3064 29585
14951 -25602
1281 -29657
11254 27485
28850 6763
-10926 -27641
-1293 -29664
-13736 26414
1191 -29661
15232 25481
26923 12402
-20598 21519
-29792 -598
-8556 28502
12329 27016
-19342 22651
29244 -4717
-18191 -23536
7824 28662
4405 -29347
25336 15400
5445 29215
3678 -29449
28887 -6556
-22394 19649
18127 23497
775 29722
13835 -26225
-29723 -2094
26288 13703
-10519 -27797
-21406 20718
-28791 7695
-5298 29274
28617 -7649
27551 10928
28215 -9020
-2218 29658
25518 -15049
-18836 -23026
-22444 19592
27656 10658
-2727 29617
-27515 11446
-12684 -26886
-11440 -27434
29590 1454
-26249 -14060
8260 28538
27212 -11705
-10774 27746
27046 12130
6700 28949
-12466 27033
14320 26008
-10519 27843
13132 26632
24697 16410
29609 982
-4644 -29337
26934 -12332
28381 -8483
-26580 -13427
2564 29616
25648 -14826
-15698 -25257
-29785 -873
-29384 4969
-18804 -23052
-18161 23605
20040 21879
-26841 -12900
25751 14692
21858 -20007
-12418 -27009
8959 -28278
-28484 8763
-6396 29057
-5298 -29228
-8765 28439
-12822 26867
23492 18101
-15176 -25572
-15633 -25297
-28380 9094
25074 15825
-1836 29683
-17108 24376
29621 -433
29397 -3647
16575 -24577
3452 -29477
-19624 22408
-16127 -24987
-3860 29494
-29017 6793
-24374 -17092
29273 4580
-6613 -28963
-29784 -905
-26309 13994
29098 -5546
-23083 -18791
-3152 -29530
27704 -10486
10818 -27615
5279 -29200
17420 24029
28688 7424
6277 -28999
-23759 17979
23927 -17473
-29679 -2639
-20293 -21760
-22897 -19016
-21466 -20610
-20643 -21430
534 29728
3026 -29525
21344 20602
24534 -16608
-20750 -21327
-10107 -27948
7283 -28760
23959 17475
7380 -28735
5596 29186
-28351 9184
26774 -12676
5306 -29195
6514 -28946
-25300 15742
7806 -28621
14915 25669
-28911 7231
-13215 26677
2716 -29556
-12555 -26946
-27455 11589
580 29727
-21830 20272
-29621 -3220
-23298 -18525
-28543 -8523
-29192 -5950
24388 -16822
-29592 3520
-25270 15790
26668 -12898
-2624 -29580
22773 -18956
-29776 1179
-29598 -3423
22175 19700
-3420 29547
23415 18201
18358 -23270
26822 12620
9947 27989
-4913 -29294
17148 -24179
24410 16836
2403 -29584
-7826 -28663
26984 -12222
534 -29682
-17236 -24240
-13901 -26282
-19156 -22762
9972 27980
-13008 -26732
-6336 -29024
-20666 21454
26837 -12542
-19212 22761
26112 14037
-13674 -26400
2860 29588
-18940 22987
-29750 -1674
11115 -27496
-28808 -7585
27050 -12075
8653 28420
27012 -12160
-14655 25918
-11822 -27273
9386 -28138
-24743 -16556
7008 28875
27227 -11670
703 -29678
15285 25449
3854 -29426
-10495 27852
-9751 28119
-26462 -13657
29437 -3310
-5442 -29202
7663 -28660
-27044 -12471
11531 -27323
1144 29709
24296 -16955
15428 -25316
-10654 27792
17457 -23956
14793 -25694
6536 28987
-26000 14559
28912 -6445
-28640 -8193
9548 28129
-29292 5486
26263 13751
623 29726
-14041 -26208
18805 22955
20468 -21431
-18252 -23489
5560 29193
6245 29052
-20909 -21172
18777 22978
-16424 24840
-11372 27508
11545 27363
-7402 -28774
27973 9791
21232 -20672
-14512 -25952
-29761 1515
-25656 -15110
-3741 29509
8150 -28524
-4833 -29307
27682 10590
-25584 15277
-1342 29708
-29335 5251
28659 -7490
9160 28259
29418 -3474
25545 -15003
1259 -29658
11348 -27400
-27212 -12102
-15924 -25116
-8027 28654
21487 -20406
8277 28533
-22278 -19734
-8801 -28382
29302 4389
-19335 -22611
-29793 594
27893 -9972
1915 29667
10278 27868
-24871 16410
-19790 22262
-708 29728
25991 -14215
-29731 -1979
-12843 -26811
17613 23887
23967 -17418
-17065 24406
-13074 -26700
-27619 11193
11348 27446
19322 -22473
7236 -28772
-3584 -29482
-16990 24458
-17787 -23841
23462 18140
-29107 -6350
-16328 24903
27774 10345
12984 -26659
4245 -29371
8439 -28439
-28861 7428
3246 29547
1761 29677
9386 28184
-28294 -9312
3410 -29482
-1243 -29666
-21896 -20155
11798 -27208
-29594 -3457
1069 29712
-27661 11089
-1077 -29672
-29536 3964
2799 -29548
28596 -7727
-7414 28817
2243 -29597
-28026 -10086
25919 14392
6755 28936
10422 27814
27278 11596
-604 29730
14589 25857
-25942 14662
24834 16201
-19978 22094
-29727 -2037
7536 -28694
24976 -15934
23391 18232
29557 -1979
-29289 -5456
-28915 7215
-29782 1013
7240 28817
29559 -1949
21792 20125
-5080 -29266
-22149 19924
-26510 13610
9894 -27962
12510 -26886
-3464 -29496
25466 15183
2139 29651
-6510 -28986
-5619 29215
11254 -27439
-11148 27599
-27725 -10882
-28871 -7343
8212 -28506
-11143 -27555
28866 6694
-20252 -21798
29610 951
14722 25781
-27795 -10703
-22270 -19743
27989 -9699
16218 -24815
19855 -22002
24930 -16006
6683 28953
-24739 16608
-13440 -26519
-28751 -7797
-11988 27247
-6622 29007
-26424 13776
23659 -17835
-10390 -27845
23022 -18652
12178 -27039
5062 29285
21684 -20196
28147 9276
16250 24840
28353 8622
29410 3587
23156 18531
-27669 -11023
27761 -10334
-29558 -3750
-29715 2249
-27311 11924
-29773 -1208
-8927 -28343
-29620 3275
-24908 16354
4211 29422
-19445 -22517
23236 -18384
-2624 29626
-29752 1685
-21870 20229
29480 2950
-1455 -29657
26035 14180
-15664 25324
29030 5937
-21943 -20104
27727 -10425
-11712 -27320
-12113 27192
-15159 25628
16941 -24325
29617 690
29453 -3165
24876 16136
25785 -14586
29029 -5896
-9898 28068
29530 2391
-12750 26901
-385 -29687
22397 19446
-18068 23676
-10196 27962
-543 29731
29532 -2320
26022 -14158
4015 29450
-27124 -12297
-22357 -19645
-20201 -21845
-29750 1720
-14290 -26074
5408 -29176
-16824 24572
-5121 -29259
27609 10780
-3084 -29537
-9678 28144
13746 26318
28265 -8862
-26867 -12846
19581 22293
28698 -7339
25718 -14704
8708 28403
-23209 -18636
-28938 -7076
-4546 29398
4272 -29367
-19302 22685
26889 12476
27926 -9879
-26891 12842
22984 18745
3928 -29416
-13765 26399
14009 26178
-8603 -28442
27460 -11110
-29000 -6819
-29792 644
17590 -23858
17652 23858
28863 6707
18315 23350
29603 1153
-28397 -8995
-29763 -1429
-29772 -1232
10929 27617
26408 -13423
-1784 29686
28853 -6704
-29333 -5216
29549 -2094
-29447 -4534
29619 594
27326 -11436
-24082 17545
24024 -17339
16294 -24765
369 29731
-18890 23028
3928 29462
-16200 24986
-29757 1593
17559 -23881
-29412 -4754
27733 10455
22962 -18726
-29758 -1528
27445 -11147
-11780 -27291
29579 -1621
12463 26954
5268 29248
24200 -17092
-16777 -24558
-21804 -20254
-13635 26466
-14929 25762
-25346 15668
-11615 27407
-29426 -4667
9684 -28036
-9291 28273
12422 -26927
-14268 -26086
-1015 29720
-29356 -5086
-26740 -13107
5191 -29216
-25434 15525
26727 12821
-23951 -17677
-25129 16013
-28940 7114
-21775 -20285
-18144 -23572
26170 -13882
21757 20163
29550 -2080
-29437 -4598
212 29733
27784 -10272
14898 -25633
21411 20532
-27998 -10163
24410 -16790
-29584 -3541
-22760 19225
-25367 -15588
-28514 8665
4392 29395
-13765 -26353
11142 27531
7932 28632
-6891 28945
21615 20316
-3852 -29449
23191 18487
29152 5301
4841 -29277
25416 -15221
10369 -27788
-28458 -8801
11862 -27180
8143 28572
-798 -29680
29285 -4456
28198 -9073
13531 26430
25962 -14268
-9285 -28229
-21542 20577
-17865 -23783
-27097 12402
28843 -6747
-28476 -8743
-27725 10928
-29760 -1489
-26770 13092
-19689 22351
27646 -10638
25469 -15132
-3651 -29474
-29338 -5188
28462 8253
-29707 2353
-25143 -15945
-23616 18166
-27948 -10299
21709 20215
-28701 8024
-16331 -24855
24492 16716
15953 -24987
28980 -6132
-5442 29248
-25367 15634
-17650 -23942
28801 -6924
29384 -3750
-29739 1902
12629 26876
-5033 -29274
26198 13875
-25197 -15860
-27383 -11712
-11316 -27485
-20213 21880
11505 27380
-22525 -19453
-11333 27524
-17680 23966
29498 2762
-21465 20657
26748 -12731
-26744 13145
6068 29090
22371 -19430
-3247 -29520
-20864 -21216
-29659 2899
5487 -29161
26680 12919
14365 -25937
28418 -8358
-23051 18876
26337 -13562
-29782 -967
-24206 -17328
28639 7612
27174 -11793
26597 13090
-22082 19998
23780 17719
29432 3400
211 -29687
-6925 -28891
20546 -21356
27739 -10393
7129 -28799
14182 26084
25368 -15301
29595 1347
25035 15887
430 -29684
-3171 29574
28571 -7819
19506 -22313
-15346 25517
5424 -29173
-1135 -29670
28343 8655
-26879 -12821
-16357 -24838
-29611 3356
2553 -29571
16040 24977
-13213 -26632
27721 10487
26567 -13105
-16663 24681
10974 27599
15490 25324
29616 -688
23550 -17979
-22952 -18950
-27424 11662
-16011 -25061
29607 1042
13529 -26385
29586 -1489
-12596 -26927
10189 27901
6955 -28842
27025 12177
28534 -7953
-22846 19123
29615 774
26975 12288
29514 -2537
-10363 -27855
26652 -12931
29281 4528
-28352 -9135
21344 -20556
28786 7032
23797 -17650
29619 -548
23072 -18590
29210 4969
-29249 -5665
29253 4707
-21625 -20444
-27364 -11756
-25695 -15044
-29514 4125
-6228 -29047
-8027 -28608
5910 29123
-9064 28346
-1411 -29659
24843 -16141
-28322 9273
-6967 28927
-20478 -21587
-16169 -24960
19804 -22048
-23005 18932
2840 -29544
-9835 28090
-22846 -19077
28740 7219
29109 5534
-22771 19212
13500 26446
15295 -25397
22773 19002
-1455 29703
-10559 -27782
-28507 -8642
29333 4175
12782 26803
17232 24165
29485 -2853
-8529 -28464
-27466 11563
24120 -17205
25282 15489
702 29724
-28172 -9673
24806 -16198
14985 25628
-26062 -14402
12939 -26681
-5326 29269
18727 23019
27861 -10061
4457 -29339
-23498 18318
-18968 22964
-29650 -2944
16991 -24290
21109 20844
29618 -598
-23213 18677
-27113 -12321
-26249 14106
3110 29562
-29480 4362
29006 6054
-23781 17950
15524 -25257
21156 -20750
29437 3356
-11215 27572
5837 -29092
-29798 -149
23370 -18213
-29771 1301
29488 2868
14647 25824
-29121 -6286
-6247 29089
-25959 14632
-15698 25303
29453 3211
18451 23242
-20909 21218
-13994 26279
28329 8701
28165 -9175
-17385 -24134
-29180 6054
-18230 23552
20222 -21664
-10844 -27673
20803 -21105
17176 -24159
-12301 27108
27870 10082
-24689 -16636
-29766 -1366
-28827 -7513
6399 29018
-14129 26207
15356 -25360
5107 -29231
27932 9908
29584 1574
-28812 7616
-23051 -18830
20380 21561
28955 6295
-27256 -12003
23757 -17704
28818 6899
26076 14104
-26392 13837
-9158 28316
28198 9119
-29440 -4579
-28592 8404
8833 28364
28466 -8193
28711 -7288
-15036 -25654
-1243 29712
19359 22487
-13736 -26368
18970 -22772
24339 -16893
-20784 -21294
25615 -14883
-25426 -15492
29593 -1345
-27177 12226
-26098 -14337
7570 -28685
3623 -29456
7468 28758
-23537 18268
15696 -25150
-3684 29516
7889 28644
-24159 17439
3583 -29461
-29774 1229
8382 -28456
18213 -23384
-18051 -23643
-21760 20347
8769 28384
19745 -22101
-27398 11723
20445 -21453
-28986 -6878
-19168 22798
-25178 15936
7125 28846
28428 8370
-1559 -29652
10595 -27702
7755 -28635
-29402 -4815
-29702 2416
-8696 28460
28223 9041
10216 27891
9227 28237
-27640 -11095
-16477 24805
-28062 -9986
12574 26902
23585 17979
-12733 -26863
-23974 17692
-12803 -26830
-23551 -18204
-2911 -29554
-28124 9857
25597 14960
8260 -28492
11283 27473
9661 28090
25714 -14711
-7496 28796
-20750 21373
-29077 6531
-28048 -10025
9457 -28114
-27364 11802
11479 -27345
3678 29495
-29786 -839
-9211 28299
25883 -14411
-17665 -23931
-21696 20415
-25692 15095
28494 8141
23719 -17755
29088 5644
-21803 20301
-15525 -25363
580 -29681
-11733 27357
-29476 -4343
-14436 26040
25121 15750
-28723 -7899
-26235 14132
-29777 -1107
15197 -25456
-29434 4663
-838 -29679
-1749 29688
-27812 10705
10422 -27768
-28026 10132
29456 -3137
6073 -29043
-9634 28159
623 -29680
-28246 9502
7570 28731
-8924 28390
29477 2980
-24879 -16352
-28602 8370
-27328 11885
-11873 -27251
-2727 -29571
4690 29348
-26554 13524
28215 9066
13641 26373
-8045 28649
-2577 -29584
21837 -20030
-23425 18411
-26235 -14086
18030 -23526
6421 -28967
3950 -29413
-29470 4429
-7826 28709
-3014 -29544
18562 -23107
-10023 28024
-25415 15556
-8801 28428
29152 -5255
-1217 -29667
17086 24269
28346 -8599
28298 -8756
-25507 15405
-26202 14193
-5236 29285
-2044 29670
-6166 -29060
29170 -5154
29390 -3703
14610 -25799
-6653 -28954
-29568 3717
29605 1099
29582 1612
16628 -24541
22080 -19761
-29719 -2149
-29066 6580
15680 25206
-18979 -22909
-29558 3796
28794 6999
-11808 27325
16410 24734
-25778 -14902
29427 -3397
-19237 -22694
20237 21696
-4453 29412
-8492 28521
-1998 -29627
-29529 -3970
-23689 -18025
-16961 24478
-12185 27160
-11284 27544
14129 -26067
-28968 -6953
-28222 -9527
26757 12758
-23462 -18318
-29744 1822
3771 -29437
-19362 -22588
25821 14568
-17949 23766
-28524 8632
-29457 -4469
6683 -28907
-13012 26776
-17857 23835
23408 -18164
26218 13837
-3533 -29488
16114 24929
-29403 4855
-754 -29681
20467 21478
-29701 -2382
29541 2249
17974 23615
18056 -23506
-16718 -24598
-5682 29203
8766 -28339
-8152 28619
-28488 8750
23288 18364
-6089 -29076
24147 -17167
29186 5109
-28640 8239
-10344 27908
-3960 29481
10008 27967
-29267 5618
18805 -22909
-15242 25579
4072 29442
28827 -6815
8236 28545
-11667 27385
26381 -13476
7016 -28827
-29789 -728
24477 -16692
-19231 22745
10088 -27892
2910 29583
-29545 -3850
-11773 27340
22465 19367
25368 15347
6016 -29055
25781 14639
-14398 26061
29570 -1776
-28992 6899
-25955 -14593
-8310 28574
-14607 -25899
27090 -11985
6955 28888
8912 -28293
-26511 -13562
-10756 -27707
-24052 17586
24462 -16714
-3998 29476
22703 19086
-27144 12299
-9416 -28186
-24495 16965
-20578 -21492
-24055 -17536
16303 24805
-21565 -20507
-24670 16710
-29384 -4923
-29795 479
7853 -28608
-19289 22696
19967 21946
16114 -24883
-26293 14024
15147 25532
13899 26237
26355 -13527
6640 -28917
-18556 -23251
-23872 -17783
29560 1980
-27895 -10441
3526 -29468
-3789 -29457
-21896 20201
-15838 25216
27101 -11960
22886 18865
-25017 -16141
29615 -728
29566 -1841
-24963 16270
-19648 -22341
-22596 19417
6327 -28988
-21712 -20352
-3891 -29444
8010 -28564
26337 13608
26089 -14034
-27011 -12542
20686 -21220
21570 20364
-1694 29691
-23395 18449
-914 -29677
-25621 15215
4156 29430
-25070 16105
22575 -19192
-17277 24257
-23179 18719
12465 -26907
-27134 -12275
-8088 28637
-14376 -26027
18727 -22973
23569 -17954
3281 -29497
-472 29732
27944 -9828
-29020 -6734
-20817 21308
-4663 29380
-29698 2465
-24714 -16599
-28674 8120
-21518 -20556
21107 -20800
10780 27676
-12516 27010
18140 -23441
11283 -27427
29601 -1158
5062 -29239
29019 -5945
-23954 17719
-1518 -29654
-28757 7821
-28718 7963
18828 22936
27348 11429
-1015 -29674
-29684 2629
29331 -4143
7766 28678
24567 16605
24159 17196
-10633 -27754
-18305 23494
29475 -2954
24006 17410
27798 -10234
-19881 -22135
10861 -27598
12690 -26801
23659 17881
29000 -6037
22807 18961
26526 13234
13664 -26315
22624 -19134
28777 -7023
-16868 24542
13983 -26146
29349 -4014
2002 -29615
-1902 29679
-27938 -10326
-28968 6999
28372 -8513
17134 24235
-21625 20490
-1657 -29647
-7619 28764
-18373 23441
-3321 -29512
19322 22519
28687 -7382
10939 -27567
-29707 -2307
-16386 -24819
28306 8776
-26478 -13626
19102 22707
-20029 22048
29545 -2149
-9835 -28044
27090 12031
12711 26837
23544 18033
1824 -29627
-18532 -23270
-8138 -28577
-21644 20470
4745 -29293
29126 5443
22500 -19280
11846 27233
-28194 -9609
16865 -24378
-29039 -6652
-7554 -28735
14213 -26021
-13310 26630
21390 20554
29449 3248
-17357 24200
2318 29637
25562 -14974
29249 4732
-27158 -12222
-12241 27135
-14955 25747
-16127 25033
-29519 -4043
13820 26279
29359 -3940
-29777 1153
8798 -28329
10729 27696
-28039 10096
10780 -27630
-28183 9687
-27904 10463
25106 15774
-14573 25964
28125 9343
-29612 -3301
-15525 25409
9504 28144
-1731 -29643
298 29732
18017 23582
1214 29706
-12332 27094
12838 26776
-15005 -25672
24032 17374
27981 9768
-14910 -25727
-28089 9956
-10959 27674
22586 -19179
-28871 7389
9972 -27934
-9026 28358
-28404 -8973
-11553 -27387
12757 -26769
-29360 5109
2652 -29562
22403 -19393
-29768 -1323
26912 12426
27894 10015
11896 27211
27626 -10690
28892 -6534
-25876 14778
-27549 -11318
26594 -13050
29621 478
29545 2195
-20479 21632
16761 24496
-7492 -28751
11613 27334
29012 6025
24181 -17119
-25822 -14826
14264 -25993
4684 -29303
-7695 28744
25849 14518
-22704 -19245
29480 -2904
3477 -29474
-3516 29536
-27050 -12458
24536 16651
-28767 7784
1281 29703
28384 8519
-7133 -28841
13278 26559
-29326 -5255
-29165 6126
12904 26744
18176 23459
-18590 23270
-24093 -17484
-4453 -29366
-27634 11156
-28337 -9181
-17438 -24096
-27570 11313
6571 -28933
-14849 -25762
-29418 -4717
-29788 812
-948 29722
13560 26415
14675 25808
-20668 -21406
4163 -29383
-20380 21725
18705 23037
-18985 22950
-4392 29421
29512 -2560
-25775 14953
-20515 21598
29366 -3888
16790 -24430
-24668 -16667
29213 -4905
-7263 -28809
-4043 29470
26152 13962
-27079 -12395
-21370 -20709
6363 29026
-28194 9655
-29791 -644
-19488 -22480
8545 -28407
8449 28482
29469 -3013
-29693 2525
-12418 27055
-2044 -29624
-23824 17893
29550 2126
-4500 -29359
-14664 -25867
-23988 -17627
7914 -28591
-27163 12257
-29780 1071
3147 -29512
13708 -26292
-29674 2740
21195 -20710
-29166 -6075
19427 22428
27164 -11816
-4714 29372
29230 4849
29542 -2190
29082 5675
-21977 -20067
-29643 3059
23817 17669
-22897 19062
1557 29689
-15142 -25592
-26052 14466
-5708 -29152
28552 -7888
13664 26361
28189 -9101
15110 25554
3316 29539
-15060 -25640
-29737 -1888
-17029 -24385
28073 9499
23754 17754
-29540 -3888
-10425 -27832
27852 -10086
-29598 3469
-26966 12684
-15336 -25477
21040 -20868
23515 -18025
-29684 -2583
26152 -13916
-26362 13894
25447 -15169
11422 27415
29196 5051
19814 22085
-27848 10611
29067 5752
26619 -12999
-29239 -5716
-14456 -25983
28916 -6427
29230 -4803
