1500
6346 -28850
27783 10318
25578 -14856
20473 21460
-26183 13856
19276 22544
-10231 27841
28764 7112
16639 -24425
22082 19796
-26648 12934
-17910 23628
-3428 -29335
11168 27487
3715 29437
-22951 18749
-29259 -4351
-28545 7865
-26554 13127
29587 1343
29236 4786
-28477 8110
7465 -28582
20387 21542
-503 29665
-4530 -29185
-23176 18469
28552 7927
-28784 -6796
3528 -29326
-29581 816
-17348 24045
-6918 -28713
-16498 24638
-24354 16878
17811 -23587
8797 28336
24544 16635
18579 23123
-28341 8577
-28124 9269
-17617 -23714
19476 22371
6027 -28918
-25100 -15608
3809 29425
-29575 1025
26402 -13345
-18390 -23121
9066 -28117
6346 28984
28649 7566
17261 24125
-6758 28885
-15803 25091
5140 -29088
-26923 12348
-23834 17608
-19390 22425
27152 11888
-29464 2801
-24084 17263
15650 25202
-28867 6572
-6160 29019
-12917 -26563
7465 28716
29606 776
-1142 -29513
-26717 -12656
13698 26316
-24771 -16123
25975 -14154
29107 5525
29327 -4049
29521 -2284
6718 28900
-10277 27824
1521 -29497
28012 -9541
-29051 5693
-26073 14063
18075 -23386
18314 23334
-12417 26934
18759 22977
-29474 -2557
-21580 -20184
-29511 2235
-28000 9640
-27093 -11834
1579 -29494
-29523 2065
-1800 -29480
-6108 -28896
29108 -5386
26671 12936
25774 14649
13481 -26294
24269 -16901
-22650 -18979
-13928 26182
19414 -22291
-27567 -10690
-8821 28321
27931 -9774
-26044 14117
27329 11473
22626 19170
1840 -29479
22350 -19358
-12597 26850
6432 -28831
12978 -26545
-1941 29605
28164 9220
10929 27583
6027 29052
-28625 7566
12877 26728
-2073 29596
28616 -7557
-27726 10407
-3487 29462
-8715 28354
11007 27552
11947 -27023
-16309 24764
7718 -28515
-3715 -29300
-4543 29317
-25615 -14751
-28460 -8036
-6984 -28697
-27279 11535
-12132 27064
-11572 27309
-25467 -15004
-25036 15844
-11982 27131
-25547 -14868
-4966 -29114
2425 29571
-29566 -1137
19241 22574
29337 4111
-22359 19454
2521 29563
22824 18933
23275 -18240
-17101 -24088
-15456 25307
-13001 26656
-24465 16716
-29414 -3161
6226 29010
-28994 5980
-26024 14154
27966 9808
-10548 27722
-14806 -25560
3778 -29295
6300 -28860
24418 -16686
-23065 18608
29404 -3457
-10432 -27632
-1864 29610
29547 -1931
20769 21173
24904 16089
24521 -16535
28311 -8621
26035 14178
-29481 -2477
29537 2208
27708 -10385
25554 -14897
310 -29534
-28152 9183
3194 29498
-21481 20423
18948 22821
-15943 -24868
-15323 -25254
-29481 2611
-20041 21843
28621 7672
-26809 -12461
-9908 -27824
18328 23323
25170 15668
-22058 19796
-9628 28056
29537 -2074
1965 29605
23157 18523
-28533 -7775
21897 20001
-6694 -28766
-29570 -1034
-17999 23560
-3350 -29344
29604 855
-15438 25318
-25554 -14856
28947 6318
-20611 -21170
17115 -24095
-15765 -24981
29349 4023
-4719 -29155
-10595 27704
15174 -25358
-29569 1195
4005 -29265
-12997 -26524
24306 16982
-25604 14904
-7025 -28687
-8292 28481
28904 -6380
4254 -29230
-654 -29528
-18622 -22935
19460 -22251
-1629 -29490
-29405 -3242
-16618 24557
28784 7030
-26615 -12868
20715 -21092
-28015 -9462
-373 29667
-7383 28731
20016 -21754
29569 1708
-29582 776
23192 -18345
-23461 18104
-25278 -15319
-29588 451
7692 -28522
28272 -8747
-27173 11784
-18865 22870
-12352 26964
27680 -10459
4706 29295
19924 -21838
-8031 28556
-1240 29643
-15384 -25217
16611 -24444
-23693 -17664
-4651 -29166
27026 -12039
25827 -14421
-17548 -23765
1560 -29495
-23507 -17910
25507 15111
-8350 -28330
-29587 522
-13984 -26018
-27128 -11754
4681 -29165
-6616 28918
-16789 -24306
-22333 19484
-159 29669
25749 14693
17827 23709
-22483 19310
-11539 27323
7883 -28470
-13406 -26320
-504 -29531
-22671 19088
-10182 27859
-29461 -2699
26925 12396
-5457 29160
26604 13074
-9067 -28109
28952 -6161
-3207 29494
4919 29260
-28427 -8151
29607 -599
-27154 11828
22446 19381
13424 26457
5786 -28967
19913 21982
26866 -12390
12638 -26708
24998 -15808
4567 -29183
21865 -19902
23319 -18184
-15285 -25277
29474 2948
-29545 -1574
9541 28094
5959 -28932
-11572 -27175
-26329 -13441
2636 -29419
27445 11191
-27434 11159
21702 20213
27786 -10176
-29485 2564
10411 27783
-16236 -24678
-22154 19688
5077 -29099
29501 2657
-29490 2504
2111 -29461
26104 -13916
10810 -27496
13590 26372
-29077 -5423
-19635 22210
-25692 14751
29142 5335
29019 -5841
28848 -6626
24875 16134
17445 -23858
10480 -27623
-6668 28906
27920 9939
17572 23899
-5891 -28941
-29406 3367
29595 1141
3426 29472
-3350 29478
27287 11573
9960 -27814
-21312 20600
-24553 16586
-27379 11294
29069 -5590
-13943 -26040
17523 23935
9850 27987
-23214 18421
26304 13670
-8702 -28224
-23507 18044
22997 18722
-28789 -6775
-1331 -29505
29257 -4520
13359 26490
-15738 25132
-17699 23787
-5494 -29019
-25253 -15360
11897 27179
29519 2443
-26309 -13480
-29045 -5590
837 -29524
29542 -2004
-7906 -28457
-14231 -25884
-3402 29472
18154 -23325
-29351 -3691
-26598 -12903
24276 -16891
-29265 -4311
23544 -17893
14441 25915
-17098 24224
28707 7341
28752 7161
-1116 29648
12572 26873
28634 -7489
-7387 -28596
29300 -4237
29333 -4006
-23411 18169
-18978 22776
9579 -27947
10838 -27485
29472 -2834
17343 24066
14624 -25678
12943 26696
15746 25142
27396 -11177
-3504 -29326
25761 -14538
26936 -12238
23161 -18384
23929 17511
467 -29532
-17406 24003
-20239 21659
-14766 -25583
22163 -19571
8912 28300
27462 -11015
28371 8557
-23141 18513
-20745 -21039
-17251 -23981
23576 -17851
-27762 -10176
-23642 -17732
-22618 -19017
15738 -25013
-29507 -2155
22776 18991
29600 -859
-23421 -18022
29579 -1382
-24198 17102
24179 17163
-21729 20158
25544 15048
9623 28066
-16844 24402
-4125 -29245
-24008 17369
-7525 28694
16980 -24190
-1986 29602
-8411 -28312
-9437 -27987
20078 -21697
5539 29149
26941 12361
-28036 -9400
-26203 13818
-7924 -28452
-13739 -26148
-9950 27943
28766 -6970
27584 -10708
-25641 -14706
12908 26713
21450 -20347
-15032 -25428
-28684 7337
-26192 -13705
28661 7520
-23924 -17351
-21224 20691
29600 993
20131 -21648
29220 -4750
1888 29610
8512 28423
-29325 -3889
-12045 -26969
14988 -25468
2010 29602
-28934 6267
19027 22755
-29099 5439
-28730 7153
-28892 6460
-21651 20242
-7309 28750
-14099 26090
29591 -1112
24306 -16848
-28845 6669
-25733 14679
-16741 -24339
-6771 -28748
-813 29658
-29587 -388
28668 -7359
-3854 29416
-29541 1778
29230 -4689
-29527 2005
1671 -29489
7282 28763
26075 14104
-27726 -10273
-19933 -21808
7587 -28550
-29301 4197
-22346 -19335
-1287 29641
-13121 26597
29128 -5278
-25085 -15632
-10003 27924
7991 -28440
-13457 26428
-29312 4118
-17033 24270
29449 -3059
15309 -25277
3119 -29372
5846 -28955
-8538 28408
29614 -105
25884 -14319
-12550 -26738
4774 29284
-20690 -21093
15550 -25130
2746 29543
26317 -13511
-29583 -599
-14145 26065
26897 12457
-19331 -22342
-27440 -11010
1311 -29507
-1006 -29518
-27907 9908
29509 2564
-6792 28877
23319 18318
-26292 13647
-28395 8395
27175 -11701
9275 28183
20368 21560
-26238 13751
8268 28495
20053 -21720
1166 29647
20367 -21427
-3133 29502
29567 -1609
1791 -29482
-21932 -19802
-28967 6111
20844 -20965
-14887 25647
-26226 13774
-12458 -26781
10027 27924
-5371 29176
27462 11149
29590 -1137
8268 -28361
-5167 29213
-27093 11968
-6435 28959
-2401 -29437
-21716 -20038
6946 -28712
29477 -2783
-25523 -14909
-2879 -29394
-26745 12731
-6893 28853
-11271 27435
27295 -11420
-7025 28821
12441 -26800
12825 26753
23376 18245
11906 -27041
28041 9590
-20469 -21307
-24790 -16094
28809 -6792
-28620 -7451
-25688 -14624
20202 -21582
800 29659
1950 -29472
-27198 11726
-8805 -28192
678 -29528
-29419 3249
-11317 -27282
-8805 28326
20575 21362
-5691 -28981
-21140 20777
-29240 -4475
-25945 -14165
-24186 17119
-16041 -24805
27162 11865
837 29658
-882 -29522
-28920 6332
-29537 1846
27839 -10031
22913 -18691
20574 -21229
-21997 19864
25087 15801
26914 12420
-3570 29452
21213 20727
-27540 10893
29121 -5316
-25817 14530
11664 -27146
-9809 27993
2841 29534
5258 29201
14532 25864
-28643 -7363
2054 29599
26301 -13542
29606 -642
27013 12202
-24431 -16632
7568 28689
-7418 -28588
28343 -8516
19615 -22115
-10028 27915
-12956 26678
2234 29586
-16055 24930
-24266 17005
-25987 14222
9850 -27853
13074 26632
-28910 6378
21589 -20200
-3746 29430
-15957 24993
27864 -9962
5123 29225
-27752 10337
23414 -18062
3723 -29302
-16722 -24352
-28375 8463
-4907 -29124
-12045 27103
28326 8706
-21095 20823
-21285 -20494
-5059 -29098
-18670 -22896
14682 -25645
24376 -16747
2388 -29440
-12486 26902
-10163 -27732
21385 20549
-6493 28946
-3754 -29295
6718 -28766
7057 28819
528 -29531
3303 29486
5346 -29051
15352 -25251
2903 -29394
-17648 -23691
24024 17380
25720 14744
25175 -15526
10733 27660
-19746 22111
-24372 -16718
-14540 25846
5560 29145
11278 27442
-22752 18991
-7593 28676
-15500 -25146
-29513 -2074
29423 -3295
-16857 -24259
-29337 -3799
-29580 855
29203 -4852
-8498 28420
-29396 -3321
-13331 26492
28884 -6469
-9628 -27922
-27370 -11182
14624 25812
-738 -29526
-27052 -11927
-19775 -21951
17680 23819
-6027 -28913
27412 11272
29161 -5095
29598 1055
-16416 24693
17401 24024
29076 5688
-7830 28612
-29556 -1362
21927 19968
-12652 26824
-27227 -11524
-25429 -15068
25517 15094
-848 29657
-29590 239
-26943 12304
18776 -22829
-23007 -18546
23438 -18031
16153 -24748
26160 -13811
-21184 -20598
17508 23946
17930 -23497
-29387 3532
-28767 -6867
28061 9531
-1880 -29475
-18791 -22797
3157 29502
19021 -22626
-27845 -9948
26206 -13724
-26377 13481
-4954 29250
-28955 -6034
-13568 -26237
-19040 22724
29195 -4899
29283 -4351
11492 27353
21430 -20368
3968 -29270
15457 25321
-22791 -18810
18694 23030
-5619 -28995
29613 364
-10842 27608
-14856 25665
-26513 13210
18710 -22883
-18871 -22731
-10075 27898
-26647 -12802
-20403 21504
-5195 29208
-29134 -5112
-28790 6905
26731 -12677
8171 -28389
6900 -28723
-17153 -24051
-16129 24882
-6435 -28825
-23642 17866
25827 14555
-29589 -231
-10745 -27512
21994 -19760
-29224 4711
29601 961
27991 -9602
25330 -15273
28060 -9400
27373 11367
27135 11927
18385 -23144
12354 -26840
24215 17112
26622 -12903
-29367 -3564
22542 -19135
27815 -10097
-2838 29532
-25309 -15268
4254 29364
4937 -29123
7530 -28565
1113 -29515
11394 -27260
-17844 -23544
28151 9260
17030 -24155
-29206 -4689
-14964 25602
-14189 26041
6765 -28755
26817 12629
-286 29668
27790 10299
21799 -19974
28650 -7428
-29097 -5316
-4061 29388
2194 29589
11012 -27416
-29535 -1745
-10768 -27503
-5133 29219
28975 -6053
28557 -7775
-26096 -13886
24502 -16563
-29584 687
27654 -10527
-13566 26372
-25547 15002
-19224 -22434
29608 -553
-29089 5493
26778 12712
-27849 10071
2556 -29426
-28860 6603
-26580 13074
-29453 2917
-20041 -21709
5607 -29002
-16010 -24825
25157 15689
28879 6625
-16687 24510
5454 29165
22337 19507
11195 27476
2363 29576
-15180 25474
24222 -16968
-29146 -5044
24970 15986
-20148 21744
-29578 -793
11141 -27364
-23789 -17535
4737 29290
-11923 27157
22163 19705
3840 -29287
19850 -21905
-28973 -5948
27197 -11650
-29493 -2334
-12172 -26912
-13331 -26358
-24930 16011
29611 522
4430 -29204
-22285 -19405
-11149 -27351
19677 22194
-8640 28377
906 -29522
-26011 14178
1086 -29516
-25123 15705
22690 19094
-28560 7810
-22960 -18604
-6127 29026
29517 -2334
-19452 22371
9165 -28085
20428 21503
23081 18618
-28606 7638
761 -29526
-28806 -6703
-7716 -28509
-8945 28282
18414 -23121
-11425 27371
-11494 27342
28934 6378
-16550 24603
21524 -20269
23891 -17429
-20549 -21230
-4319 -29217
2903 29528
18594 -22977
21308 20629
-28364 -8366
-9067 28243
-14844 -25538
-28209 -8871
11099 27515
23921 -17388
-17529 -23779
-5398 -29037
25142 -15579
18414 23255
10282 -27697
28902 6523
23215 -18316
23858 -17474
-29572 -979
721 29661
9063 28252
29428 3385
-19170 -22480
26840 -12446
29575 -1462
29524 -2246
29443 -3115
23544 18027
-21691 20199
5077 29233
-5974 29058
16065 24939
19860 22030
29420 3455
1706 29621
-27799 -10075
-25668 -14659
-19857 22011
-28152 -9049
-26412 -13278
-15160 -25352
3081 29510
29586 1366
21844 20059
-16584 -24446
7333 -28616
29612 -318
-29582 -642
20248 21673
-2236 -29450
-29579 892
-28615 -7470
-27263 11573
-2339 29576
20449 -21349
23200 18469
-7414 28723
6640 28918
-27890 -9822
-1396 29636
23362 -18129
-28262 8836
26742 12788
-27942 9808
-29211 4792
27268 -11484
13559 26388
24179 -17029
7832 -28484
-17952 23596
-18108 23476
-2999 -29382
29480 2886
-9187 28204
-18193 -23276
-29537 -1712
15592 25238
6816 -28743
-20239 -21525
-29229 -4545
17456 23984
8552 -28277
26879 12496
-10312 -27677
25077 -15683
23810 -17539
16927 -24227
-11719 27246
23238 18421
28486 -8029
29546 2080
29061 -5631
28213 9068
29203 4986
-28597 7672
-1682 -29487
-26514 -13074
-28312 8673
26334 -13478
15506 25291
28822 6871
29278 4518
11094 -27383
3013 29517
-23153 -18364
21662 20256
-9769 -27873
27664 10635
-28830 6734
-28839 -6561
27175 11835
18972 -22667
-27959 -9625
8912 -28166
-27701 -10340
-15765 25115
-29143 5195
-19252 22544
9214 -28069
27349 -11291
29592 1221
-28631 7543
29610 583
13839 26242
-558 -29530
21927 -19834
-27967 9736
11544 -27197
19077 22713
13673 -26195
-24760 16274
29161 5229
-14707 25751
25233 -15432
-28908 -6253
19174 -22497
-7913 28589
29338 -3970
-21463 20442
6075 -28908
-15663 -25045
-2314 -29444
-25992 -14079
-10983 -27418
19348 -22348
26995 -12108
-29012 -5757
-23036 -18510
-28372 -8339
-22032 -19691
-21404 -20370
28251 8948
-25901 14379
14790 25717
-2711 29544
-29531 -1809
-29500 -2246
24060 -17196
-848 -29523
528 29665
-23255 -18235
-9657 -27912
-22222 -19477
9128 28231
-28882 6505
10336 -27677
-1006 29652
-29074 5573
21048 -20761
-29373 -3515
16868 -24268
-7464 28710
10792 27637
-6331 -28848
27612 10770
2247 -29451
18002 -23442
29482 2865
17930 23631
-20815 -20970
-15456 -25173
29307 -4189
-23536 18006
1264 -29509
-15996 24968
4731 -29157
-28803 6850
800 -29525
15444 -25195
29531 2289
13422 -26324
27499 -10923
-27479 11047
24470 -16610
22090 -19653
10632 -27565
-29514 2194
-2838 -29398
-26044 -13983
-4793 -29143
4618 -29175
10871 27606
25708 -14631
-29458 2865
17872 23675
-4575 -29178
25992 -14123
29551 -1871
7407 -28597
22637 -19023
-24687 16385
29564 -1661
23732 -17644
-5940 29065
-20522 -21256
23421 18187
-28814 6803
-2754 -29406
24241 17075
-1800 29614
14158 26071
20674 21266
-22265 19562
7110 -28672
24814 16228
-27167 -11664
28466 8233
-25128 -15563
29060 5770
-24995 -15775
-1767 -29482
22922 18814
9813 -27866
26206 13858
19581 22279
18448 -23094
-5515 -29015
-13535 26388
-29110 5379
29453 3155
-8689 28362
29094 -5460
4554 29319
-19566 -22137
1791 29616
20715 21226
7442 28722
23560 18006
-15863 25053
-7258 -28629
24780 -16146
-23831 -17478
29531 -2155
15493 -25165
28388 -8366
-11220 27456
-17969 -23449
10472 27760
-9683 -27903
27551 -10792
-27297 -11358
20217 -21568
25639 14885
28240 8983
18889 22870
15132 25517
-9683 28037
22267 19587
1919 29608
18049 -23406
-7608 -28538
-5782 -28963
17576 -23762
23455 -18009
13980 -26033
678 29662
20016 21888
-12183 27041
-12755 26775
-8926 -28154
-27032 -11972
-19078 -22558
-21665 -20093
24705 16394
18172 23445
12098 27090
-26716 12792
-29431 3136
25809 14587
-20495 21416
15613 -25091
9678 28047
-18596 23090
20349 -21444
14532 -25730
27815 10231
16577 -24467
-15250 25432
-4713 29290
-29415 3286
-16404 -24567
-24775 16251
-29519 -1989
-9964 -27804
29038 5881
29488 -2667
-28951 -6053
-19557 22279
-28385 -8295
22107 19768
29613 -231
28934 -6244
-27773 -10146
-28850 -6513
19269 -22416
11506 -27213
-10885 -27457
-4061 -29254
-6851 28863
-15679 25169
11007 -27418
-11475 27350
-24626 -16343
-29268 4425
-7094 -28670
9205 28206
25431 -15105
-27504 -10850
18737 22995
16940 24352
-4426 -29201
-29137 5229
-29374 3641
-22569 -19075
15984 24991
6132 -28896
-6363 28975
-2555 29558
28256 -8798
23790 -17566
15352 25385
26642 12996
-18086 23493
-25836 -14362
23956 17474
28566 -7742
29220 4884
16286 -24661
-12225 27022
14036 -26003
-17443 -23842
-28127 -9126
-29420 -3106
20604 21334
-3816 29421
-29497 -2284
-697 -29527
-15610 25212
19650 -22084
-2869 29529
-1396 -29502
-28312 -8539
23969 -17322
-2087 -29461
23109 -18449
29011 6014
15127 -25386
29555 -1809
9094 28242
25599 -14820
-27131 11881
-13498 26407
29126 5423
28775 7067
-28479 -7969
-10141 27874
12733 26797
-2364 -29440
-28741 -6974
13475 26431
18646 23069
7832 28618
-20093 -21661
-26553 -12995
-3699 29436
28499 8117
-18139 -23318
16519 -24506
-27284 -11389
22021 19864
-2389 29572
-1682 29621
-6070 -28904
24940 -15899
14868 -25538
-16668 24523
28804 -6813
8664 -28243
-19452 -22237
-27656 10593
-24383 16836
-6546 28934
-28209 9005
-6390 -28835
14475 -25762
9041 -28125
12557 -26746
26981 -12139
29498 -2557
-27356 11350
17332 -23940
6165 -28889
19760 22120
4363 -29214
-12365 -26824
24487 16719
-2532 -29426
-25312 15397
2831 -29401
-12258 -26873
27412 -11138
-21883 -19856
-29062 -5502
22208 -19520
-26829 12552
-21254 20660
7045 -28688
-16265 24793
25368 -15210
-29037 -5631
-29325 4023
-29197 4878
-17548 23899
-11085 27511
-17050 -24124
25700 14779
-28727 -7031
9269 -28051
18263 23374
-8421 28443
17325 24079
721 -29527
-29580 -721
-28601 -7523
19347 22483
-24526 -16492
28001 9707
2521 -29429
27091 -11893
-29393 -3347
-12711 26796
-27819 -10020
20850 21093
-12503 -26760
21337 -20465
24455 -16632
21309 -20494
-27395 11255
-29169 5045
16727 24499
13873 -26090
21448 20483
-1478 29632
21765 20145
-23982 -17271
5715 29115
-27635 10648
-25513 15060
28468 -8092
-25217 15553
-26120 -13841
-18894 22846
-29578 927
26685 12907
-22422 19381
-17301 24079
24523 16666
-24383 -16702
1420 29636
15827 -24957
-15032 25562
24740 16341
5384 -29044
13019 -26525
-12614 -26708
-558 29664
28186 9152
-15113 25514
20296 -21494
8845 -28187
-11841 27193
7766 28636
-24501 16663
8969 28282
29516 2480
-29129 -5140
-29284 -4182
3400 -29341
-18622 23069
-27987 -9544
29034 -5767
14450 -25776
-28409 8347
28978 6173
-27512 10964
-26861 -12349
9753 -27887
-5979 -28923
-4346 -29213
22330 -19381
17261 -23991
-21338 -20439
-22378 -19298
29462 3068
22570 -19102
28414 8412
-22707 -18911
-28814 -6669
29230 4823
10815 27628
-28517 -7833
-29542 -1627
29597 -951
-16757 24462
-6027 29047
19194 22614
29364 -3776
-23574 17956
18458 23220
11938 27161
15945 -24882
8677 28373
-11848 -27056
14333 -25841
17735 23778
3052 -29379
-18565 23115
-19532 22301
20279 -21510
-8098 -28403
-25483 -14977
27888 -9895
-26350 -13400
8700 -28232
29604 -721
29370 -3730
28594 7773
28818 -6754
29042 -5727
-14374 25939
-28592 -7557
28519 -7912
-9561 28079
-28980 -5914
-8275 -28352
7703 28653
12777 26776
29575 1596
2993 -29385
8391 28459
18889 -22736
17523 -23801
29276 -4397
-26673 -12748
-27890 9956
27487 11087
29602 927
26866 12524
29603 892
13153 26593
-25676 14779
-27305 11473
22402 -19298
10501 27749
21210 -20596
14389 -25810
-29216 4761
14086 26110
-2101 -29460
-10691 -27533
28860 6708
3968 29404
7106 28807
-19671 22178
-25952 14286
-9877 27969
-29308 -4013
-8367 28459
27800 -10138
14724 25755
25036 15882
-20343 -21427
8178 28521
25024 -15767
21523 20404
12207 27041
-2473 -29431
-24805 -16071
26261 13753
28303 -8647
-20308 21594
-5178 -29077
28685 -7293
4370 29347
-29551 -1462
-1926 -29472
21956 19936
-1375 29637
6627 -28787
-22920 -18653
3469 -29333
-27595 -10618
29407 3566
2097 29596
-16230 24816
-13739 26282
-8147 28523
15034 25575
