1500
9636 -28012
18915 22974
27141 -11896
11809 27347
16363 24870
27922 -9938
8118 28673
29068 6017
16948 24472
29635 -1233
4749 -29247
26683 13068
29349 4411
-1434 29790
19342 -22431
29579 -2162
28059 9729
20014 -21834
18307 -23283
10027 -27874
8825 -28279
21633 20415
18921 -22787
18525 -23110
24336 -16893
14601 -25770
29595 -1941
16156 25006
19454 -22334
18740 23118
29625 1623
19386 -22393
10733 27791
29567 -2315
25253 -15493
3708 -29399
12101 -27036
24937 -15995
983 -29621
22722 19186
21870 -19977
29499 3224
24221 17239
9181 -28165
20258 21790
26918 12572
2290 -29546
22939 18924
21463 20595
10835 27751
16048 25076
3123 -29468
2892 29674
25098 -15742
11257 -27399
27581 11025
15724 25282
13467 26563
25502 -15081
26464 13510
27705 -10524
4607 -29270
5996 29197
22276 -19524
27672 10792
26738 -12772
28880 -6694
27456 -11154
9481 28247
29580 2331
29602 -1836
27467 -11127
29406 -3821
29538 -2649
-1849 29768
8270 28629
28164 9417
22768 -18949
19209 22727
19991 -21855
4905 -29221
17966 -23547
29604 -1805
21183 20885
3778 29572
27020 12349
29200 -5144
10316 -27768
16785 -24403
10648 27824
-1815 29770
24266 17175
25372 15480
29642 -1065
23639 18035
17974 23723
29647 -929
7738 -28597
6689 29044
15121 25650
4355 29491
28333 -8707
1116 29798
28010 9871
26665 13105
13469 -26380
12669 26956
28186 -9168
16492 -24602
17305 -24037
23183 18622
7204 28919
29246 -4880
29573 -2240
29432 3802
29658 -531
5904 29216
28820 -6945
20169 21873
6124 29170
18183 -23380
15565 25381
29559 -2411
29062 -5864
6620 -28878
9734 28160
26771 -12703
25581 -14947
28003 -9709
15346 -25333
16020 25094
1542 29778
-3054 29671
5567 -29101
6291 29134
25871 14623
24192 -17098
29503 3186
28715 7545
25120 15889
28853 -6808
17570 -23844
29514 -2897
29472 3469
28604 -7779
27866 10275
29664 -81
28810 7168
1258 -29610
390 29818
25551 -14998
26241 -13760
20530 21532
29287 4814
27899 -10002
8559 -28361
29047 -5937
29072 -5815
29301 -4544
27760 10561
24519 16809
724 -29629
24542 -16593
26384 13667
2663 29696
29126 -5542
2495 -29529
26953 -12314
22939 -18742
27790 -10299
13936 26318
1064 29800
11392 -27343
29629 -1361
26878 12658
18307 23465
17612 23995
19130 22794
9531 28230
13357 26619
-817 29812
1011 29802
13806 26387
1861 29759
21971 -19866
25440 15367
18974 22925
26177 14063
23927 17648
9607 28204
8605 -28347
29163 -5347
29638 1346
28790 -7067
1560 -29595
19342 22613
27307 -11512
27618 -10749
15505 25418
-734 29814
21869 20160
22851 19031
28607 7950
17432 -23945
11031 -27491
-2673 29707
9064 28385
20183 21860
18321 -23272
19066 -22666
20050 -21801
28621 -7717
27495 -11058
-1170 29801
19732 22271
23061 18774
20780 21289
29337 -4310
10227 -27801
19924 -21916
26790 12845
22653 -19086
21482 20575
29441 -3548
28762 7361
12880 -26673
29216 -5054
18956 -22758
29193 -5183
28686 -7474
761 29810
1323 -29607
24849 16313
23946 -17440
22027 -19804
11380 27530
29400 -3866
1366 29787
29528 2937
24590 16704
29105 5832
11710 -27208
29615 1806
26724 12983
11344 -27363
28887 6846
5541 -29106
23453 -18096
28652 7784
27607 10959
13951 26310
20505 -21374
28585 8030
5904 -29034
14687 25903
15443 -25274
29657 759
20685 -21200
1466 -29600
18784 23082
25502 15263
20026 22005
21441 -20436
5494 -29115
26467 -13322
29304 4707
2674 -29513
25684 14952
25904 -14382
26749 12931
12214 -26985
28396 -8501
27440 11375
29487 -3153
1165 -29614
9008 28403
28590 -7830
7011 28967
15539 -25215
17639 -23793
26698 -12855
24888 16253
18500 23312
22201 -19609
11921 27298
233 -29638
8895 -28257
14070 -26064
29659 -480
28036 -9614
862 29807
1614 29774
29645 -986
9845 28121
21766 20272
15230 25585
27495 11240
3048 -29476
28992 6379
18778 -22905
15200 -25421
28164 -9235
27516 -11006
28372 8762
5670 -29081
21182 -20704
29586 -2068
8516 -28374
29375 4230
-2795 29696
106 29821
24897 -16057
29622 1680
12365 -26916
5197 -29170
27383 -11331
26431 -13393
29562 2558
-583 29817
3268 -29452
18857 23022
8311 -28435
830 29808
13345 -26443
10473 -27709
-1248 29798
25017 16052
6350 29121
27833 10365
13749 -26235
22487 19463
7457 -28672
6502 -28905
19525 -22272
22418 -19361
29453 3631
12445 -26879
28547 8166
24754 -16276
18431 23367
6646 29054
16991 -24260
29509 -2946
24002 -17363
27607 -10777
7080 28950
21571 -20299
27778 10513
12072 -27049
13578 -26324
22088 -19736
29019 6253
27964 10002
4447 29477
28341 -8681
29633 -1277
6933 28986
24067 17455
1165 29796
14248 26149
1649 -29590
3160 29646
25057 15989
8706 -28316
3364 -29441
27233 -11685
3532 -29421
28255 -8955
16304 24909
29653 918
19829 22184
18152 -23404
28863 -6766
19035 22874
22450 -19324
29516 3059
23415 18327
29640 -1115
29583 2291
18707 -22963
23869 17727
29532 2895
-1142 29802
1189 -29613
25762 14816
29650 -837
5372 29320
-638 29816
25651 -14827
12886 26852
17801 23854
18734 -22941
28486 8379
14984 25731
28984 -6234
15116 -25471
29461 3564
29643 1221
29662 476
4281 29502
8958 -28237
25528 -15037
24506 -16646
12709 26937
28439 8539
26918 -12390
8328 28612
3474 -29428
20780 -21107
17674 -23767
23517 -18013
-928 29809
28868 6927
10486 27886
28982 6425
1700 29769
28218 9252
14459 -25850
-2397 29730
12150 -27014
21059 -20829
27043 12298
14288 -25945
24781 -16235
-687 29815
4408 -29301
29609 1907
19029 -22697
1427 29784
26857 -12521
29648 -899
29550 2698
29410 3973
5158 29359
28930 -6477
28108 -9403
22620 19307
3994 29543
29419 -3722
-3161 29660
17366 -23993
2495 29711
15425 25467
29307 -4506
14046 26259
25574 15141
11544 -27279
1407 29785
28686 7656
26349 13735
-1056 29805
28950 -6388
7407 28867
18008 23697
29489 3317
13418 26588
24586 -16528
12516 -26846
10420 -27729
7208 -28736
12458 27055
19216 -22539
7833 28753
29540 2809
23308 18464
29647 1111
23048 -18608
16351 -24696
26589 13260
1407 -29603
29605 1971
12130 27205
25170 15809
7984 -28529
8761 -28299
17725 23911
11912 -27120
28880 6876
11848 27330
24299 -16946
2862 29677
5938 29209
3747 -29394
7514 -28657
29652 953
5629 -29089
29036 -5990
27870 -10082
16827 24556
5219 29348
11747 -27192
25193 -15590
29643 -1039
15660 25322
29520 -2837
26930 -12364
9828 -27945
23679 17982
23894 17693
29574 2409
26186 -13864
15873 -25006
9135 -28180
7668 -28616
21482 -20393
28447 8512
6110 -28991
29115 5781
29552 -2493
29446 3689
5855 29226
6502 29087
28217 -9073
7092 -28765
9921 -27912
28732 7479
3943 29550
4421 29481
3994 -29361
20243 -21622
24754 16458
10557 -27677
28743 7436
7283 -28717
14516 26000
20360 -21512
28568 8091
26725 -12799
924 29805
12192 27177
761 -29628
4569 29458
22505 19442
11982 27271
29659 663
23760 -17692
2971 -29484
29382 -3998
12072 27231
20063 21971
10254 -27791
17273 24242
29627 1584
1951 -29571
15906 -24985
924 -29623
27034 -12136
5680 29261
2107 29742
29631 1502
20684 21383
23835 -17591
13040 -26595
25280 15631
29663 390
-1598 29782
4531 -29282
11083 27652
29614 -1641
17891 23786
29136 -5490
6850 29006
29612 1857
-2008 29758
19891 -21946
7815 -28576
-1882 29766
24090 -17241
21555 20498
9665 28184
16830 -24372
14864 -25619
27180 11989
8777 28476
3581 29597
28703 -7409
21063 21007
22992 18859
13111 26742
8719 28494
14153 -26019
29274 -4712
2552 29706
25730 14872
16798 24576
3095 29653
16034 -24903
18431 -23185
20378 21677
22575 19360
14708 25891
14807 25834
6300 -28950
22392 -19391
26169 14078
27130 12103
25313 15577
-893 29810
11848 -27148
7601 -28634
29664 263
28912 -6556
23905 -17496
26892 12628
24491 -16668
1141 29797
17130 24344
-1539 29785
27290 11734
14475 26023
29101 -5670
18099 -23445
28420 8603
8936 28426
28842 -6854
27440 -11193
13921 -26144
20725 -21161
29205 5298
2161 -29556
4725 29433
1966 29752
12778 -26722
26349 -13553
1302 29790
28977 -6266
29009 -6118
2759 -29505
4315 29497
28829 -6908
25477 15305
26146 14121
17377 24167
23688 -17788
27713 -10503
3581 -29415
14398 26066
29662 -294
28943 6601
3312 -29447
29654 -699
12631 26974
27713 10685
28828 7094
9181 28347
15967 -24946
20155 -21704
15660 -25140
-1655 29779
9876 -27928
451 29817
10868 -27556
25954 14474
3831 29565
12315 -26939
23470 18256
22122 -19698
29160 5545
20438 21620
23373 -18199
22870 19008
11473 27491
7279 28900
8215 -28463
27456 11336
12280 27137
29586 2250
17192 -24118
29513 3089
645 -29631
6736 29033
22701 -19029
28925 6681
-451 29819
27579 -10848
23014 -18650
26405 -13444
28709 -7386
3474 29610
-2422 29728
20291 -21577
29618 -1571
12709 -26755
29602 2018
26433 13571
16133 -24839
11793 -27172
29632 1481
13512 -26358
22247 -19557
28836 -6879
29663 -208
10916 -27537
3178 -29462
106 -29639
5039 -29198
24023 -17334
22592 19340
16231 24957
8426 -28401
4199 29514
12614 -26800
24439 -16744
23214 18583
29617 -1589
24390 -16815
23757 17878
25939 -14319
16048 -24894
28937 -6446
24864 -16108
27318 -11486
16938 -24297
25662 14990
9977 -27892
3965 29547
1258 29792
-1763 29773
29464 -3356
28037 9793
23566 18131
20101 -21754
18004 -23518
27937 10078
4066 29533
1861 -29577
28254 9140
17907 -23592
20647 -21237
20481 -21397
27350 11592
8641 -28336
24010 17534
26584 -13088
27705 10706
7952 -28538
25970 14445
17048 24402
26271 13885
14907 25776
19751 -22072
10289 27960
29649 1051
13682 -26270
2107 -29560
17678 23946
28676 -7512
29657 -577
29275 4888
18633 23205
28070 -9515
18378 23409
22988 -18682
29227 5173
29656 802
29232 -4962
-237 -29639
9794 -27957
23954 17611
15035 25701
20342 21711
29661 547
29327 -4376
17721 -23732
28723 -7332
27641 -10690
18980 -22738
3000 -29481
1700 -29587
6791 -28838
27034 12318
7586 28820
7457 28854
24252 -17013
8809 28466
-856 29811
28758 -7195
29454 -3441
28319 8934
25825 14705
16202 24976
22399 19565
19642 22351
25970 -14263
645 29813
19967 22059
16869 24527
29148 -5427
16587 24720
27078 12220
12501 -26853
27560 11078
29295 4764
25483 -15113
-2838 29692
15953 25137
25416 -15225
7891 28737
1995 -29568
19599 22389
23572 -17941
24450 -16728
6791 29020
28189 9341
11661 27411
27803 -10264
19176 -22573
8628 28522
28648 -7617
17465 24103
29469 3495
27522 11173
6091 29177
12950 26821
10035 28053
26240 13944
16971 -24274
12563 -26824
16621 24697
23167 -18460
12851 -26687
29357 -4174
29641 1273
27874 10253
21519 20536
19566 -22236
24802 16385
17813 -23663
8222 28643
19849 -21984
19860 22156
27989 -9749
28966 6498
23256 -18348
26645 -12964
29446 -3507
15062 -25503
4308 -29316
27236 11860
5404 -29132
24713 -16338
13840 -26187
9419 -28086
12404 -26898
28276 9071
555 29815
1064 -29618
27740 10614
19550 22432
28237 -9011
26334 13764
9774 28146
27217 11904
24336 17075
28229 9218
28876 -6711
13728 26428
29547 -2550
2922 -29489
-994 29807
26015 14363
28204 9295
28580 8048
28836 7061
29592 2166
5056 29377
27976 -9786
16671 -24481
15148 -25452
27078 -12038
29041 -5966
14555 25978
17252 -24075
14748 25868
27692 -10558
16263 -24754
18242 23516
18397 -23212
14142 26207
21519 -20354
-1273 29797
14344 26096
14852 25808
29622 -1498
26930 12546
26026 -14161
29554 -2470
796 29809
-2870 29689
28238 9190
390 -29636
22332 -19460
21901 20125
29400 4048
-2545 29718
17555 24037
18475 -23150
-1321 29795
29114 -5604
23127 -18510
1750 29766
28956 6543
14652 -25741
29355 4370
28086 9650
954 29804
24187 17287
11115 -27457
27388 11501
10148 28012
28842 7036
11174 -27433
24980 16110
28114 9567
14615 25944
29175 -5282
28520 8261
29389 -3947
2619 29700
17330 24201
15089 25669
28732 -7297
4261 -29323
29554 2652
-2912 29685
29423 3873
29054 -5903
29173 5475
10254 27973
1280 -29609
-1390 29792
5307 29332
25219 15730
21902 -19942
4213 -29330
15168 25622
26646 13144
15794 -25056
4030 -29356
23866 -17549
29625 -1441
15732 -25095
23206 -18411
10774 -27593
29612 -1675
15917 25160
25626 15052
28486 -8197
27290 -11552
3653 29588
11466 -27312
12352 27104
7716 28785
29168 -5320
24165 -17136
28512 8289
21791 -20063
6933 -28804
4588 29455
28426 -8401
4080 -29349
9407 28272
28793 7237
25327 -15372
25875 -14434
13111 -26560
28906 -6582
16501 24778
7793 28764
16693 24648
11286 27569
2252 -29549
26283 -13680
28304 8982
27823 -10210
14407 -25879
20342 -21529
7011 -28785
24973 -15939
15862 25195
8898 28438
8372 -28417
9098 28374
-3004 29676
29596 2108
25313 -15395
4632 29448
29472 -3287
26146 -13939
29349 -4229
21951 20070
-522 29818
18812 23059
1750 -29584
22631 19294
16892 -24329
4473 -29291
21398 20663
5943 -29026
19789 22220
-2266 29740
6208 -28970
-2098 29752
18654 -23006
7357 -28698
10570 27854
29023 6234
16228 -24777
26261 -13722
5361 -29140
4981 -29208
3816 -29385
29479 -3225
28372 -8580
27187 -11791
18586 -23061
25125 -15699
7952 28720
7380 28874
28920 -6521
1649 29772
23271 18511
29393 4100
29652 -771
24463 -16709
14833 -25637
14317 -25929
11511 27475
-2718 29703
9974 28075
19271 -22492
21136 20933
12501 27035
29395 -3903
22546 19394
13992 -26106
20585 -21297
19651 -22161
2821 -29499
25206 15751
26980 -12255
1523 -29597
8592 28533
21227 -20658
3499 -29425
27204 -11752
10227 27983
6422 29105
2389 -29538
3499 29607
25045 -15826
29651 987
27899 10184
-776 29813
26222 -13796
19243 22698
29469 -3313
506 29816
29656 -620
20648 21418
15586 25368
602 -29632
29340 4472
-2127 29750
12950 -26639
25904 14564
25302 -15413
29419 3904
26051 -14115
16750 -24427
20724 21344
25003 -15892
27417 11431
6368 -28935
-2943 29682
16696 -24464
29619 1735
10697 -27623
26320 -13609
23348 -18231
7518 28838
29036 6172
27757 -10387
14532 25991
2174 29737
29638 -1164
22456 19499
16096 25045
28337 8876
24476 16872
22523 -19239
13634 26477
26320 13791
13040 26777
21603 20447
7326 -28706
20852 21218
29259 -4803
14895 25783
6471 -28912
9005 -28222
9248 -28143
26038 14321
3906 -29373
25327 15554
14795 -25659
1466 29782
12989 -26620
23645 -17845
19423 -22361
1830 -29579
11740 27377
21633 -20233
22884 18991
14687 -25721
28545 -7991
16266 24934
1212 29794
9490 -28062
21755 -20102
2961 29667
22957 18902
685 -29630
21399 -20480
23312 -18277
19299 -22468
28634 7851
18152 23586
27052 -12096
22609 -19138
29060 6056
29608 -1741
18576 23251
18321 23454
14532 -25809
983 29803
2460 -29532
19990 22038
29046 6124
27130 -11921
4952 29395
5307 -29150
10107 28027
17866 -23623
-1477 29788
26905 -12418
5972 -29020
29496 -3070
20439 -21437
6689 -28862
27173 12005
21741 20299
27859 -10112
26990 12415
27363 -11379
-2533 29719
6594 -28884
21555 -20316
23789 -17653
24292 17138
14984 -25549
10356 27935
23818 17796
17928 23758
27634 10890
25384 -15278
5452 -29123
28465 -8269
29592 -1984
22062 -19765
1614 -29592
29493 3280
28072 9691
22114 19889
27405 -11278
28018 -9666
21293 20772
9572 28216
21322 20742
-364 29820
24408 16971
20482 21578
25754 -14648
29151 5593
25998 14394
685 29812
12236 -26975
29020 -6066
9537 -28046
29527 -2765
862 -29625
29655 842
20858 -21030
23086 -18561
22170 -19644
29376 -4041
27020 -12167
27329 11642
17065 -24208
2448 29715
27342 -11429
6875 29000
6413 -28925
18834 -22859
27922 10120
10428 27908
28810 -6986
24452 16907
28863 6948
29439 3746
28897 6803
8184 28654
5536 29289
9734 -27978
12667 -26775
20584 21480
25206 -15569
11577 -27265
8526 28553
27634 -10708
3700 29582
22000 20016
29639 1322
23517 18195
22773 19125
26834 -12570
8016 28702
29617 1771
25673 -14789
25795 -14576
2518 29709
21690 -20172
2340 29724
28324 -8736
829 -29626
27562 -10891
26103 14201
14020 26273
9662 -28003
23607 -17895
19591 -22214
19881 22137
29530 -2734
22254 19731
29318 -4435
451 -29635
29244 5074
28206 -9107
-1498 29787
15778 25248
27159 -11855
15260 -25385
11174 27615
23337 18427
4657 -29262
29382 4180
12561 27007
16590 -24536
1814 29762
20101 21936
24717 16514
23123 18697
19285 22662
25261 -15480
26063 14275
29567 2497
10830 -27571
6208 29152
27816 10411
24964 16135
15615 -25168
2872 -29494
28909 6751
29220 5213
13510 26541
29430 -3636
18242 -23334
24623 -16473
26848 12722
29655 -660
28890 -6651
21826 -20025
27204 11934
9245 28326
25857 14648
27982 9951
21351 -20530
19625 -22184
26109 -14008
506 -29634
6245 -28962
18354 -23246
12993 26800
22893 -18798
18545 23276
28580 -7866
28495 -8166
-2306 29737
21136 -20751
25554 15175
25264 15657
2706 29692
29654 881
4905 29403
28386 8716
23044 18795
2738 -29507
-1728 29775
22045 19966
20213 -21650
23436 -18118
2252 29731
1345 29788
26964 12472
25834 14689
10148 -27830
21293 -20590
29324 4578
2009 29749
29509 3128
27937 -9896
4694 -29256
6268 -28957
6875 -28818
26617 -13021
26009 -14192
3000 29663
-2225 29743
15594 -25181
26780 12866
18064 -23472
2315 -29544
28282 9052
24049 -17298
11964 -27097
2780 29685
10774 27775
12730 26927
29291 -4607
8328 -28430
22685 19230
319 -29637
3312 29629
14450 26037
7977 28713
29660 -426
19829 -22002
5840 -29047
5624 29272
28676 7694
29525 2968
22817 19072
6581 29069
29583 -2109
29137 5667
3891 29557
10661 -27637
29314 4643
21349 20714
29658 712
22372 19596
26203 14014
29424 -3683
25093 15932
11577 27447
25428 -15205
27667 -10623
-238 29821
1116 -29616
25358 -15321
19723 -22097
29571 2447
19066 22848
29238 5109
22851 -18849
3432 -29433
-1085 29804
26816 12790
232 29820
-3132 29663
10941 27709
14268 26138
22499 -19267
29660 607
11218 27597
27740 -10432
319 29819
28350 8834
27948 -9865
29386 4151
21227 20840
28516 -8093
24160 17325
28386 -8534
3965 -29365
25165 -15635
25821 -14530
18112 23617
29331 4532
2134 29740
29561 2570
7318 28890
29227 -4991
12402 27081
20614 21451
-1962 29761
14094 -26051
7844 -28568
14907 -25594
29168 5502
10178 28001
28467 8444
6546 -28895
21675 20370
8170 -28476
11031 27673
8362 28602
29546 2743
25726 -14697
24621 16658
29195 5354
15313 -25353
21814 20220
17480 -23910
22194 19799
17196 24297
1011 -29620
9098 -28192
19446 22523
3407 29618
29456 3606
29282 -4663
2738 29689
28450 -8320
24928 16191
16715 24633
29646 1140
23556 -17962
26117 14175
26365 -13522
22304 19674
10679 27812
4688 29439
7668 28798
23429 18309
-2604 29713
8446 28577
-1026 29806
12774 26906
16734 24620
26826 -12587
28568 -7909
28288 -8851
16301 -24729
27065 12249
5096 -29188
22581 -19171
29476 3434
29661 -365
29122 5745
29413 -3768
29213 -5071
2303 29727
5996 -29015
7909 28732
29535 2863
3259 29635
28396 8683
9862 28115
8104 -28495
12917 26837
10868 27738
3364 29623
2552 -29524
20291 21759
18680 23167
20557 -21324
5452 29305
25619 15064
27648 10854
4505 29468
3661 -29405
28966 -6316
3029 29660
28703 7591
19130 -22612
29635 1415
29503 -3004
24115 17388
2586 -29521
28479 8403
5010 29385
23362 18395
27687 10753
13682 26452
24821 -16174
15323 25529
12828 26880
22732 -18992
13412 -26409
