1090
14902 -25343
-26033 13788
-29239 3627
14461 -25598
-23919 17193
21957 -19537
29303 2172
-11382 -27146
-29312 -2976
-24692 -16059
-28589 7120
-27223 -11257
-24566 -16251
25467 -14662
13968 25877
26861 11922
-18220 23137
-9392 27900
23663 -17428
-19947 21668
-12576 26621
1178 -29395
-15890 -24786
-28262 -8316
23733 17338
19490 22009
-13850 25983
-27002 -11776
-17158 -23927
29164 -3582
-28046 -9017
-40 29426
-26440 -12987
15639 24900
-29353 -2532
28219 8196
-8437 28202
-18948 -22540
-28073 -8933
520 -29415
-25953 13938
-20262 -21369
26345 13023
-25593 -14582
8839 28054
-29024 -5063
-527 29422
-18800 22669
-12923 -26449
601 -29413
-12164 26812
-28676 6762
-13151 26343
-10121 27645
27953 9063
-8697 -28117
25377 -14818
-27374 10891
24681 -15952
24433 -16330
5400 -28913
-29431 -1357
24700 15929
4395 -29084
17155 23878
2809 -29282
-4546 29079
23419 17761
27108 11347
24046 -16895
-26583 12698
7075 28553
28180 8329
-22329 19210
29232 -2976
-22661 -18811
5921 -28810
11900 -26888
2347 29329
-20056 -21562
29008 4687
23239 -17991
17198 23847
1469 29387
-27084 -11587
14217 -25735
13593 -26071
-8473 -28185
-29383 2172
978 29408
24222 16648
-8104 -28293
25789 -14088
-27328 11006
28913 -5236
-29463 -72
15577 24939
-684 29419
24851 15692
-29088 4687
11945 -26868
-1876 -29362
-10854 -27360
12970 26393
21459 -20084
18592 -22768
-23813 17338
-24496 16362
27759 9643
-24379 -16529
-29458 534
-13297 -26264
604 29419
22507 18906
25100 15290
18425 22910
4267 29109
28241 -8114
-15879 24799
-21279 -20358
-19570 22009
-16205 -24581
-26865 -12085
28571 6867
15396 25052
-29221 3769
27207 11107
3301 -29229
-23270 -18054
-27661 -10136
-14863 -25413
27248 11006
-27820 -9690
28083 -8646
22329 19116
-7478 -28464
27753 -9653
-23124 -18240
3994 29148
14689 -25468
-25824 14175
8676 -28099
-26941 11922
-23477 17790
-26509 -12846
-28321 -8114
19606 -21900
27384 -10657
-28526 -7362
20024 21523
6590 28669
26655 -12370
-2064 -29350
14104 -25797
-16674 -24266
13817 25958
16161 24564
16374 24422
21746 -19772
26239 13237
-27355 -10933
6878 28601
28916 5220
29223 -3064
-27586 -10337
28605 6724
5096 -28968
25040 -15382
-21447 20188
14040 -25832
-29130 4416
-26425 13023
-13611 26109
26755 -12151
-15510 -25024
-28635 -6928
-24625 -16162
-25518 14719
29291 2330
-26856 12111
21817 19700
-18609 22826
-20558 21091
14783 -25413
21608 19930
9791 27735
-25547 -14662
-15998 24722
8238 28237
25157 -15188
26329 -13050
-26256 -13354
-23067 -18312
-27745 9910
-1125 29406
-12647 -26582
-24268 16697
-5014 29002
-23876 -17246
-14048 25877
15183 -25176
19218 22248
24164 -16726
16351 -24431
3811 29173
3937 -29150
-18811 -22654
28108 8568
27855 -9354
-11009 -27298
27966 -9017
26360 -12987
-9470 -27868
23044 -18240
23573 17556
29311 2056
22403 -19023
-14120 -25832
7083 -28545
6434 -28699
3186 29249
4605 -29051
-27287 11107
-16155 -24614
21143 20423
12567 -26582
26151 13410
-29450 873
-28509 -7429
28850 -5571
28008 8890
-26067 13724
25328 -14902
-21202 -20438
-29288 3204
2472 29319
29159 3627
10404 -27504
-2134 -29345
-13050 26393
-17878 23402
-19852 21755
-13368 26234
2710 29297
9390 -27868
26070 -13559
-11772 26986
5740 28853
-26231 13410
11982 26858
-25180 15290
20356 21209
28976 4878
18794 -22602
-243 29425
-29258 3467
-22785 -18661
6651 28655
-29425 -1490
-4475 -29084
-28885 5806
-19456 22110
27909 -9191
-5176 -28968
-788 29416
-15738 -24882
29205 3231
-26966 -11858
-10265 27592
-20104 21523
25262 15020
-6731 28655
-29324 2863
25095 -15291
24545 -16162
-29462 -284
-23595 17634
16075 -24614
4981 28994
-1633 -29376
-7668 -28414
-15158 25245
25513 -14582
-10262 -27587
-3798 -29179
-21144 -20498
-24931 15692
-29156 4240
-6855 28626
29126 -3874
-9995 -27685
28334 -7785
20547 -21017
25667 14315
24752 15848
-17235 23878
-12280 26759
-26150 -13559
-6890 -28611
1866 29364
11692 26986
27294 10891
26176 -13354
24353 16455
23796 -17246
-600 -29415
8617 -28117
3774 -29172
17796 -23397
21407 -20139
29351 1375
708 29416
17527 23606
16901 -24053
-6958 28601
29370 873
19849 -21679
-21142 20506
-28431 7726
-28799 -6213
-1258 -29395
28632 -6602
-16653 24287
18731 -22654
-18988 22512
24008 -16949
4645 29050
13634 26055
-9806 -27752
-14565 25590
-24956 -15647
-2177 29348
7292 28498
13071 26343
-4820 -29029
-5480 -28913
-23098 -18273
-12482 -26660
18487 -22854
23018 -18273
-26071 -13711
-15199 -25215
-28651 6867
-9871 27735
4873 -29007
-16009 -24709
6203 -28750
163 29425
1984 -29350
-18662 22783
12931 -26406
-29445 1016
-8698 28123
26429 -12846
2662 -29296
-28131 8754
-6001 -28810
16721 24185
24486 -16251
18098 -23164
26503 12698
-2742 -29296
-7372 28498
27004 11592
26559 -12574
-17367 -23777
29141 3769
29309 -2078
7642 28405
-12718 26554
25744 14175
-29408 1796
-7784 28388
-25747 14315
13112 -26317
-28604 7059
4934 29002
-4347 29109
-25664 14463
29105 -4029
-23801 -17349
278 29424
-16320 -24505
10929 -27298
18344 22975
-26051 -13749
-27791 9780
27143 -11257
-25899 -14033
4718 29038
-18178 -23164
9247 -27916
28764 -6000
-1270 29400
13173 26292
-21897 19700
-29412 -1727
21845 19669
19775 -21747
27811 -9486
-26355 -13159
-14982 -25343
-25175 -15291
19084 -22357
-21688 19930
29320 -1921
25218 15094
14485 25590
985 -29402
-29371 2330
-15263 -25176
22249 19210
-22261 -19282
5808 -28833
15597 -24920
29076 4240
-8171 28280
29351 -1357
-10766 -27395
9726 -27752
-4798 29038
9179 27944
25819 -14033
-10871 27360
24262 -16583
-29285 3231
27004 -11587
22635 -18746
5396 28919
20734 20839
-6434 -28717
-14847 25428
27665 9910
-25060 15485
-24342 -16583
27711 9780
18582 22783
-13673 -26071
-7859 -28362
28051 8754
-27547 10447
-28837 6039
-3891 29173
29021 4604
-6219 28770
-25422 14884
25626 -14383
26776 12111
29382 -284
-13253 26292
-11086 -27267
-11375 27154
-24095 16946
-15445 25071
29320 1924
-27340 -10970
20858 20714
26490 12725
-28585 -7129
-3046 29272
-8523 28176
1796 -29362
-15719 24900
-17278 23847
16956 -24014
13407 -26167
24039 -16905
10185 27592
3070 -29255
11094 27238
9915 -27685
-21925 19669
24097 -16822
13288 26234
28793 5865
16415 -24388
28699 6312
5600 28880
22145 19330
29039 -4483
-1806 29373
-28062 8972
-13458 26188
-17029 24025
25991 -13711
-2790 29297
21199 -20358
-19437 -22120
17989 23255
-29416 1663
-23158 18203
-13928 -25936
-26755 12333
-24833 -15840
1190 29400
-17778 23478
-29389 -2078
-1887 29368
12237 -26736
9538 -27817
-23354 17951
-13897 25958
7779 -28362
-3854 -29172
27029 -11528
-882 -29408
-20059 21565
29244 2863
-25368 -14969
-1549 29387
-29152 -4264
-29400 1924
-8756 -28099
21620 -19910
28627 6629
28512 -7101
-7722 28405
-29145 -4312
-18069 23255
-14308 25735
18321 -22988
8024 -28293
-26312 -13244
-18567 -22854
11746 -26956
-6462 28716
-28685 6724
18908 22512
-10129 -27636
-27451 10697
1045 29406
25980 -13732
11302 -27146
16487 -24339
19376 22110
17698 23478
-12025 -26868
-26841 12144
12084 26812
29276 2503
-22971 18439
-17607 23606
23397 17790
21122 -20438
16240 -24505
13217 -26264
-23743 -17428
15810 -24786
8393 -28185
27019 11557
7301 -28489
26675 12333
-3381 -29229
27621 -10026
-20938 20714
25215 15099
4138 29128
20704 20869
27551 10223
-28560 7235
-12317 -26736
-22864 -18564
3443 -29213
11352 -27125
19867 21668
-24780 15929
22891 18439
-22146 -19414
-10705 -27419
-29303 -3064
-21487 -20139
-24088 -16949
18351 -22964
-29457 -580
-19929 -21679
-5680 28880
6027 28794
10182 -27587
-27963 9277
18529 22826
-4218 29128
29178 3467
-19164 -22357
-12929 26452
-28163 -8646
-4017 -29150
-29095 -4633
-6514 -28699
-21539 -20084
-20436 21209
-28767 6366
-20673 20979
3764 29179
8233 -28233
26933 11757
-17036 -24014
27740 -9690
-288 -29419
10041 27645
-28493 -7489
-18138 -23195
16573 24287
-22715 -18746
11448 27090
17504 -23617
13994 -25857
-3541 29217
-24355 16570
-16241 24564
29292 -2314
-26468 -12930
8970 -28006
-16495 -24388
-26735 -12370
-8919 28054
8357 28202
-13011 -26406
21367 20188
-11980 -26888
-29333 -2759
10686 -27395
19097 22352
23515 17634
26785 -12085
28876 5442
-26835 -12151
24980 15485
26388 -12930
27260 -10970
28944 -5063
-19829 21776
-20814 20839
-25120 -15382
28555 -6928
13378 26188
-26995 -11792
-13192 -26317
11849 26917
6139 28770
-17287 -23835
8618 28123
-29431 1375
-29461 295
6810 -28611
-18060 23262
-27109 -11528
-14747 25486
18058 -23195
-20828 -20819
20748 -20819
16806 -24120
14667 25486
17078 -23927
-9327 -27916
15430 -25024
22581 -18811
-14541 -25598
-16886 -24120
1619 29379
27275 -10933
-23319 -17991
29381 295
21248 -20307
-24126 -16895
13023 -26361
-16736 24230
802 -29408
-28134 -8741
-18424 22975
26761 12144
17980 23262
18720 22669
-24761 -15952
-16567 -24339
-8318 28237
27456 -10469
-1065 -29402
22312 -19131
28446 -7362
3613 29198
15078 25245
23078 18203
20938 20633
-3523 -29213
8443 28176
27647 -9954
-22037 -19537
-5820 28853
-28764 -6373
-16431 -24431
19176 -22278
4740 -29029
6775 28626
29382 192
-28712 -6602
-22392 -19131
29253 -2759
-11929 26917
22089 19394
18140 23137
16125 -24581
-20342 21299
-29453 -756
19647 21869
25873 13938
11295 27154
14767 25428
-25457 -14818
-15657 24939
-16981 -24053
-23404 17886
-28188 8568
28182 -8316
23721 -17349
-9259 27944
1509 29385
-29457 584
29366 -1006
-5888 -28833
-25869 -14088
-28536 7329
28292 7940
24612 -16059
-1699 29379
28757 6039
-20476 -21165
-26638 12583
-29442 1095
12200 26759
-10373 27552
24015 16946
10774 -27360
-29391 2056
-24177 -16822
-15421 -25079
-28299 8196
28814 -5756
-16694 24259
29050 4416
27982 8972
-681 -29413
-25942 -13953
-27536 -10469
-21826 -19772
22705 -18661
-21700 -19910
-17116 23963
29345 -1490
-27084 11592
-11672 -27023
12843 -26449
21852 -19655
-1058 29408
16614 24259
-20627 -21017
27371 10697
20958 -20607
29377 -580
17671 -23492
15365 25071
28413 -7489
1726 29373
23839 17193
21284 -20269
-23222 18122
-11432 -27125
-16801 24185
28687 6366
29336 1663
-24832 15848
-28372 7940
-6944 -28598
-2427 29329
13848 -25936
28505 -7129
29273 -2532
-28260 8329
28351 7726
-4074 29148
-21932 -19655
-29372 -2314
4466 29079
20478 21091
11592 -27023
28719 -6213
23777 17278
28875 -5441
-1946 29364
29328 1796
-23499 17761
-11174 27238
5227 28951
-28894 -5756
28151 -8421
26232 -13244
16594 -24266
-23653 17556
-22881 18550
19976 -21562
11151 -27208
-28993 -5236
-2652 29310
-27188 11347
25438 14719
15929 -24709
-14650 25542
9516 27831
15799 24799
29015 -4633
-25475 -14787
-19727 21869
-27833 -9653
2572 29310
15658 -24882
-24244 -16726
-29423 1537
-29206 -3874
-25237 -15188
25953 13788
-16454 24422
12496 26621
-14184 -25797
-3844 29179
1807 29368
29208 3204
-4953 -29007
21062 20506
19979 21565
-26409 -13050
6382 28716
-28707 6629
-22587 18906
2284 -29328
-27224 11261
-18903 22583
20396 -21165
17207 -23835
17036 23963
-14297 -25735
-17751 -23492
28805 5806
-10484 -27504
-7163 -28545
16949 24025
-26 -29420
10473 27483
23375 -17814
2054 -29345
7398 -28464
208 -29419
16656 24230
-26060 -13732
-13487 -26167
29373 -756
-9050 -28006
17287 -23777
12849 26452
7588 -28414
19749 21776
-22483 -19023
6354 -28717
25288 -14969
6864 -28598
29072 -4264
-19686 -21900
24876 -15647
27144 11261
-2889 -29282
24416 16362
-4725 29050
-25001 15580
-19300 -22240
-29400 -1921
10049 -27636
29383 -72
-28844 -6000
28684 -6373
-26319 13237
29065 -4312
28437 7402
20262 21299
-28873 5865
23957 -17021
-19855 -21747
29332 -1727
10293 27552
-22169 19394
-29463 72
29185 -3402
-2364 -29328
447 29422
-3693 29198
-10553 27483
-11826 -26956
24188 16697
-8806 28090
-18431 -22964
-29356 2503
-21328 -20307
-28369 -7946
-11528 27090
-19177 22352
-18380 23010
-27631 10223
28596 6762
24579 16116
-28779 6312
22446 18978
-23929 -17173
-18874 -22602
-24659 16116
13770 25983
8726 28090
20182 -21369
3718 -29179
-22779 18675
26275 -13159
29094 4116
-28517 7402
28054 -8741
-25408 -14902
-20216 21418
26558 12583
7704 28388
-9618 -27817
-15476 25052
-29101 4604
18300 23010
26922 -11776
22784 -18564
21064 -20498
-11231 -27208
3461 29217
11006 -27267
-6670 28669
-19298 22248
25584 14463
1553 -29376
-13714 26055
-17876 -23397
29378 534
24275 16570
-5307 28951
15341 -25079
25342 14884
22699 18675
27581 -10136
23142 18122
25395 -14787
-6107 28794
10791 27360
-23857 17278
-14769 -25468
23274 17951
-24513 -16330
28480 7235
12402 -26660
-25298 15094
-28592 -7101
-21906 -19684
-29422 1556
-27891 -9486
-358 29424
19357 -22120
27506 -10337
-6283 -28750
-29462 192
-1589 29385
-23455 -17814
-23605 -17614
28456 7329
-15677 -24920
-27989 -9191
22181 -19282
-11604 -27052
-3266 29249
-28955 -5441
-25342 15020
-27099 11557
-29375 -2276
15119 -25215
-8313 -28233
19220 -22240
-3150 -29255
-22225 19330
-17447 23724
29343 1537
-13103 -26361
-22409 19116
-8956 -28036
29365 1016
24753 -15840
22066 -19414
12638 26554
24299 -16529
-29265 -3402
29342 1556
23190 -18054
14570 25542
28429 -7429
-7878 28362
27883 9277
-28930 -5571
20136 21418
-18505 22910
-18401 -22988
-17584 -23617
28289 -7946
-21364 -20269
14228 25735
23849 -17173
26886 -11858
20593 20979
-27701 -10026
-22526 18978
-24302 16648
22987 -18312
-29446 -1006
7798 28362
11524 -27052
-28033 9063
29383 72
-21223 20423
-18672 -22768
-28231 -8421
-5061 28994
-27839 9643
-25706 -14383
-24037 -17021
27467 10447
8091 28280
9312 27900
29362 1095
-29174 4116
-24119 -16905
-4685 -29051
-7155 28553
2966 29272
-26570 12725
13531 26109
-9596 27831
-27727 -9954
15918 24722
8876 -28036
-29119 -4483
29295 -2276
18868 -22540
17798 23402
-25295 15099
-27013 11757
17367 23724
-26639 -12574
-29185 -4029
28524 7059
-19256 -22278
-7381 -28489
-21018 20633
2097 29348
-28088 8890
-29056 4878
-5476 28919
-27935 -9354
23525 -17614
22801 18550
19772 21755
29377 584
28509 7120
25971 -13749
26915 -11792
-29244 -3582
-27464 -10657
12012 -26838
10625 -27419
27993 -8933
-28414 -7785
23324 17886
-2552 29319
-21038 -20607
-12062 26858
25862 -13953
21826 -19684
-28956 5442
-14074 -25857
-24433 16455
24921 15580
-12092 -26838
25987 13724
18823 22583
-20784 20869
-28996 5220
