800
-12756 2799
28606 -8845
-12663 19513
-18261 -10259
-23160 -17479
-12737 -10830
-9522 11662
20102 25965
6410 23018
25101 12394
12793 22396
6991 -24818
22747 15365
-24710 10477
15886 -6753
-14867 -26871
26046 -16262
6428 -4474
-26750 18167
15267 -19909
-17169 -15328
-739 3309
26335 1505
11416 14887
6665 6516
9423 1600
11055 -13586
6783 3801
-16079 12073
-3580 -18050
-24681 11553
-14921 -16492
-22567 -26351
9034 -19316
21817 -5700
2918 -13210
8973 -15679
20099 17450
15826 13657
14479 -7510
2315 -6099
24091 -16631
10315 13016
29313 -23621
-4912 -4268
-11671 12551
-10573 15551
26059 -3139
19201 5092
7545 11017
-18466 -19538
-20051 -27351
-5217 -29953
-27759 -7249
25847 16720
27384 -1839
-19379 21474
11531 -26922
16632 10843
-20543 -18280
-11282 -2214
24271 8145
-4520 -27529
-24995 -15320
7563 24693
-22161 -28761
-12703 -12212
-26111 24223
-22 -23870
-13027 -4176
-25007 -15643
23985 -2243
-12027 17658
835 -25395
10644 22436
-1532 29362
2364 4881
19649 27844
7352 -23203
-17477 -15086
-28511 -9638
-1704 930
20293 2185
-4848 -9730
20459 24269
16094 25452
-9232 22222
-6792 8741
9879 -23815
25489 2665
-19237 6099
14169 13128
-19021 3818
23114 18331
22758 -12220
-14613 24247
20285 13684
7319 10578
-1989 -27529
-29153 612
-21118 29085
-3937 -350
21306 -28587
-9467 13327
-10258 -13978
-14008 505
-25737 -17697
-4225 -14757
16121 -11111
-14284 8878
6669 1104
15268 9096
-3070 4729
-10327 -22917
7200 -9479
7696 16082
1748 -26242
-2126 -6947
-12685 18408
-23621 7057
-13428 4514
-22439 -9165
16818 15480
6078 15081
-25632 -26063
6102 23180
5041 3512
14418 -15887
-21760 -25909
-8804 27584
6755 28892
25808 -21498
-15207 -6318
1555 2108
-17911 20077
-8693 10804
6734 11011
-28362 -6449
-3510 19860
-9226 13001
23797 26876
18323 10980
12530 2741
25093 20771
6832 -1569
18354 -16414
-2677 14161
4231 24259
-10015 -12072
8509 14217
-21996 29816
-4980 26881
10826 -3341
-9569 -10541
-1339 23349
-27541 -7543
-27634 -27075
-14421 14897
5666 -19329
5667 -5360
21245 6163
20369 710
2466 -5401
-5032 22452
12527 -26524
6668 -27327
-14566 -16169
29555 -21597
22633 2128
-2138 -8707
-4524 12464
25893 -2157
15389 -18529
-5118 3197
4285 -17309
27837 -4471
18854 18205
26240 3462
-17197 3350
-4087 -22528
6827 -15276
-19854 -25597
-1445 -20300
-5051 -8813
23971 22811
24623 -10553
17418 20515
29433 14949
-28015 6457
-11854 18413
19148 -14018
-16059 20144
-25813 -7677
-6395 -867
25674 -28339
6606 14643
-13615 16752
19046 27083
-21406 -16005
412 -27436
-11052 7177
4154 -11492
-2309 15729
-26543 11819
-7815 -8397
231 -18668
19728 26315
-28525 -23943
-11362 7224
5191 -15689
8885 -6061
28954 -22588
-19310 -29859
-13363 1427
-15864 17049
16134 15228
6368 -9712
-26265 -25942
-23984 -22808
28020 10345
10938 10393
-26181 12809
6707 -12562
18866 25345
24662 6199
-8202 3546
-29863 -9249
23101 -7030
-9107 -20263
-23461 17172
-21072 22674
2399 15296
-4896 18278
-28504 13263
-22388 29516
-6393 -29307
22051 -2573
13502 -1243
14865 14510
6245 9526
2852 28043
-4786 15132
937 457
-9755 -26028
10194 -3216
21144 -28736
1600 5686
16560 26704
-6037 -29802
9967 1575
-18144 -14284
14411 -26094
13143 -2088
14806 -1993
-5435 -8950
-10325 27417
1236 27032
24691 -27828
-2512 -15065
-23856 -10176
23863 -20570
-8912 -4538
15116 -10210
4309 -8779
-10012 -15725
-25061 1844
-9 19350
5750 -4723
-595 -9444
-24574 23970
23749 7245
-26472 -5016
4276 28219
9299 -16093
-4703 27586
3731 -10841
-22984 -23038
26764 -25726
-3248 1072
7639 28884
27490 12578
727 9624
14070 -11380
-25100 -16526
21319 -19674
-10414 15067
29714 -6886
-7806 3990
3476 -16365
-29961 28773
-18779 15913
74 380
22875 -3163
4654 -10373
27910 -17708
653 -22459
-22988 -28621
17165 21083
2142 22065
-13301 -6540
-15466 6286
-9330 -15753
-18458 25007
-29621 27161
-21359 -29582
25933 2005
16332 8149
-27616 21349
-25014 19182
-6882 -14962
-16384 23771
-7421 2772
25151 -8113
-6146 -2708
-3906 10553
-27105 10628
-1019 -6435
-22982 10524
-11429 -10460
7684 9355
-10041 15760
-18640 -11567
6051 -4113
-20219 11037
-14932 2900
-21783 10828
-3330 12940
-16401 3963
-25174 19596
-16602 920
12291 -13707
-6309 -18728
22001 709
-26062 -19429
20249 23765
-27932 -7650
21667 -16572
22926 -2282
9316 -15150
-9103 -23474
29893 -885
17354 -3438
-17946 -16905
-17332 -977
-27310 -3934
29943 14982
24502 5776
-21604 16502
-23516 -17666
-20785 -21124
-23902 -18717
13369 -20092
6855 18438
7626 -13830
-26713 28523
4839 -26821
9780 4336
11884 -26024
17431 24552
2999 20122
2760 15085
17246 9404
-9140 25642
8048 9488
-22025 17263
18364 -3784
-19311 13875
6124 17544
2312 -4108
-14144 17742
-5585 20695
20921 -25806
7173 2805
-9686 -5396
9499 23313
-15275 -5598
20540 -28030
-14052 -18600
27612 23997
20888 -12271
11259 21394
26088 -25910
17411 14355
21634 1866
-19754 -10368
-10393 4661
-7530 -7329
20999 29643
-22382 -18688
-5754 17117
-13233 21114
-6339 -22693
-24774 9610
850 -15020
3606 -8263
2709 -2993
-4727 10940
1098 -17317
-4706 4874
14549 5540
-23351 -13701
-7656 -881
8970 -4515
10904 16588
18940 -12707
15847 -24294
-21594 -8349
-4844 -4224
-28740 26006
10756 17009
-115 -4392
-3842 -22700
-23453 -20602
2127 13984
26416 -1182
-10477 -26936
15117 11867
14326 -5914
-10506 -4771
-7184 -21567
12522 -21337
-3717 -26929
314 21439
10990 13717
29588 3888
12868 11615
29496 -20975
18916 -11815
-11576 -8958
-27832 -15161
19860 3835
46 17120
-2156 -15629
-6652 17339
21743 16165
25772 16408
-23030 -7946
-28379 19427
-4364 12611
15286 7366
-13502 -1847
1123 -1863
19321 -9962
28465 -22256
23223 -17224
4726 25226
16611 -25229
24488 -3403
1285 -12165
-16065 -6972
-26001 -8150
-20565 -6888
26047 -18944
-5319 -8318
-24191 -20034
-18810 -7693
20262 12314
-27414 9583
-15506 -28949
17327 -10140
-16173 4196
-14915 -17420
21110 -20428
9177 -7605
9550 -24745
27566 25693
-2895 -23000
-11196 -6849
199 13486
26977 6008
-24406 -9691
-19543 25857
-27378 -16956
5439 -12883
-3762 4908
19120 10065
-20897 -25796
-25213 -17644
-4081 13964
4751 -24532
19219 14459
-28840 -1534
21459 2108
-26240 3800
-2264 -29264
-8050 3330
-8955 2407
-814 5811
27594 -25376
-24930 -6169
21676 24190
-13962 -29222
-19464 2968
-4723 6455
-925 -17830
24066 436
26629 -22631
28903 -29771
21620 -27338
4029 -10645
-14459 -21879
22685 6586
10529 4014
-17604 20265
8638 -391
-3761 313
-6202 24420
13235 4334
-2612 -21489
-7069 26463
2825 -860
-3102 -547
18652 7943
-317 10271
10605 -14146
29626 -21712
-6024 -25548
14875 -13353
8466 -20587
-23089 -753
9023 15293
29560 -15037
9713 24937
-28560 -10757
-14409 -5629
-2152 18416
-24347 24746
-12132 24305
14832 29694
4575 7579
-14452 16343
15868 21667
20796 12885
-21687 -739
22298 -2633
28508 13463
-17340 -19790
-19431 -25485
-12711 -17991
-6242 2880
18523 21606
3438 24177
28494 -26551
-29377 13325
-26858 17342
3047 833
15827 -11086
-7501 6622
-28202 12955
-11974 -23762
-19678 -1324
-28156 -7018
21029 -17587
9640 -21682
6565 -26603
23341 -4913
-22855 -3221
1406 -24362
228 2030
-28894 15513
1514 4153
-13654 -12660
23067 8845
23963 -22993
-8200 -5869
-16755 14265
-25051 -2768
-10611 25979
9645 29029
-13561 -13791
-15432 -20221
23440 -8287
18701 -5155
-2649 -11072
-20983 10600
-25559 10531
-15248 2930
27872 -10039
-18226 -26024
-3032 15717
10250 22357
-19 15199
-10412 19370
11177 -18624
-29460 -20242
9728 -14892
-10462 3167
6821 -21762
28013 -13685
9310 -22971
26915 25894
29704 -18333
-1177 27575
13771 22740
-16307 -7118
20600 23943
-14762 2723
9141 16969
-7907 2461
-19513 4776
12219 20216
19885 -16101
5525 8848
4281 15680
25163 -4267
22710 22078
-8374 -25445
-14113 -27409
-27871 29658
-22527 -14178
-7461 28073
-8093 19920
796 -28953
19032 -24969
15651 29519
9807 -2130
19734 11834
11769 -4741
-9318 -1808
-19062 -14156
23925 -14210
-9936 -2307
-9655 5951
284 4617
17752 7758
-27419 -7567
17973 -5512
-5504 -11232
7679 -16473
5942 -6671
-16955 -14251
21199 -15078
27583 15111
10181 407
-4555 -26739
16252 -10630
1195 -11542
17063 -26318
-23448 -510
8300 24304
-22753 23024
-1121 -22638
-345 23375
-3869 -22667
-23099 -27928
662 2090
-36 4004
17012 9690
1257 -2808
-19904 26702
12596 -21510
-1786 -16210
-3051 -2580
-12527 3501
26910 -22085
9947 -13701
-16919 -9032
-6339 12736
-3514 -28066
-27789 3387
-25993 15017
-12381 3971
1163 -25370
-4197 -27581
13965 5900
-18737 -3439
26533 21621
22494 -6519
-10960 -7891
-20876 -14051
12167 -28787
2248 25249
-7818 -21949
20127 18668
-20014 -25519
4197 -16007
19498 -26041
-29894 -9340
-21411 8053
5222 22555
-16048 28628
1258 -7373
20248 -6249
16109 -20713
28004 -22625
7379 10170
-9268 -8231
17561 25057
-179 19831
25867 9807
24312 63
-24058 25952
4022 -11809
-13389 24755
26244 -26025
17309 -7662
-15255 709
14966 -12864
-23398 13217
-3577 -25395
20592 -14055
14776 -6534
7714 14479
-11478 -10323
4309 -15612
29484 -1380
26595 -12432
-5429 12759
5760 23325
7513 2003
-20558 6964
24342 -5812
-22328 21450
11324 -15725
4666 -10111
-11120 7400
5834 -14202
-29134 -4309
-29723 -10612
15368 16729
3777 26995
-14651 12514
-15438 22063
-4728 20322
27531 -27215
4468 -23028
21892 -1191
1160 -18293
2401 -5374
-4018 -22934
26659 27005
14466 14635
-5054 27475
-19675 7366
-13137 -22164
-5906 -27218
-25170 21586
15296 -10608
13649 -7290
-20286 11179
7638 26325
18151 -470
-4867 1454
11237 27534
-21778 -10639
-13258 -25120
-1492 -16650
19516 23454
-19175 -18017
819 9831
-10181 24914
12613 -5351
16499 10051
26185 12290
-27240 -11959
-6532 22542
-15635 -6238
-7929 21641
-22642 -14550
-28684 -2277
16954 -11942
2604 -14539
1408 4262
-21085 12233
16245 9734
-7937 -23936
16790 -13182
12856 3289
-20989 9040
-14422 -6085
27081 21190
-13544 -6412
-15049 20670
-14772 4452
-11738 -13456
-27826 -24785
4602 16921
-9324 -11847
-8818 11734
-17472 -22573
-8532 16735
-4366 -9600
-14305 -9368
-24169 -5293
-18185 -8590
18622 -8962
-5258 -12780
14627 21836
-9968 29855
-3713 8294
-1458 10604
25652 -14714
-2475 -13673
3439 18707
-19796 28111
-21724 13815
14845 16053
-25786 -17318
-11172 -19954
7389 643
