800
-29961 26728
-29936 -15655
-29925 27400
-29828 -29616
-29805 -13420
-29759 -2207
-29612 11863
-29608 -24796
-29586 -4630
-29540 18313
-29460 -19101
-29459 -2922
-29411 -12760
-29361 11268
-29140 -5487
-29084 6328
-28990 7354
-28825 19825
-28818 -7035
-28748 5340
-28705 8442
-28700 -23574
-28700 27669
-28646 28684
-28609 -22837
-28544 -2225
-28527 -6053
-28466 -28276
-28460 -21281
-28342 11643
-28258 453
-28252 -27836
-27934 29299
-27926 23085
-27923 -1489
-27872 -16961
-27814 5121
-27802 8913
-27743 1079
-27717 -7577
-27640 3548
-27588 -5675
-27572 29214
-27534 -25653
-27433 24074
-27395 17856
-27338 10025
-27320 -16355
-27287 2695
-27277 -23441
-27218 1454
-27193 9552
-27009 23282
-26944 983
-26808 20638
-26589 -2699
-26478 -14207
-26478 23353
-26424 12477
-26372 -7557
-26315 10653
-26198 -14968
-26144 -13871
-26049 -7425
-26012 29364
-25967 11462
-25901 -20906
-25739 22161
-25738 29187
-25720 -2708
-25718 -14592
-25712 17535
-25664 12629
-25643 23752
-25565 13328
-25518 26114
-25437 -12791
-25315 24656
-25286 -12500
-25258 22725
-25217 10288
-25093 -6619
-25068 -26674
-25017 -23798
-25002 3659
-24915 -15237
-24655 -22883
-24643 -881
-24576 -29962
-24476 -11024
-24283 14480
-24206 -17783
-24081 8595
-24013 -5905
-24005 -5603
-24001 25268
-23930 -3179
-23928 2942
-23860 16103
-23795 -26773
-23325 5650
-23306 16022
-23247 -1789
-23173 -10059
-23090 -19306
-22905 844
-22824 -10188
-22704 18124
-22692 24912
-22340 1285
-22020 13818
-21955 -6343
-21922 -23552
-21877 26772
-21705 -10153
-21661 -2541
-21616 9430
-21589 -27596
-21516 29421
-21515 5901
-21397 -23339
-21319 9627
-21267 -8002
-21097 -11354
-20897 23541
-20882 17920
-20852 -19592
-20815 23827
-20734 -5169
-20726 6012
-20560 -22282
-20522 -25284
-20432 -3757
-20346 3857
-20196 -17092
-20101 4514
-20080 -15113
-19907 14221
-19831 -6296
-19819 8239
-19783 -2325
-19603 -19492
-19516 -6483
-19460 4793
-19402 -22006
-19378 29192
-19333 25627
-19304 14891
-19230 -19454
-19127 -25801
-18974 22545
-18896 -26603
-18837 21931
-18759 11700
-18517 -18489
-18515 22707
-18386 -25544
-18341 -12923
-18117 -12052
-18074 23309
-18072 -12372
-17957 19163
-17840 -7838
-17784 -29535
-17724 -21103
-17682 9402
-17669 -170
-17604 15211
-17458 20177
-17407 -26142
-17235 -28456
-17105 17201
-17097 -28795
-17012 4549
-16910 -13893
-16727 3646
-16472 -25091
-16442 17592
-16440 12455
-16440 27900
-16275 29878
-16169 -19207
-16116 23372
-16039 -13350
-15950 13357
-15912 -19063
-15889 -8123
-15852 -7056
-15814 -237
-15804 -20224
-15761 25951
-15751 -24633
-15751 -23533
-15707 -24578
-15653 -362
-15604 19354
-15546 19912
-15474 -23814
-15390 -26352
-15381 -27150
-15309 5105
-15278 -14697
-15194 -144
-15192 -14190
-15142 -14743
-15136 -18929
-15096 -7446
-14840 9019
-14797 -18537
-14649 18487
-14580 24335
-14573 253
-14494 3443
-14480 -27641
-14477 1256
-14375 19920
-14369 -19401
-14315 -24911
-14275 11171
-14204 -29970
-14170 -15510
-14140 11236
-14074 20676
-13926 4700
-13847 -26227
-13772 -17619
-13738 -19782
-13721 19516
-13702 -5320
-13696 21262
-13679 18082
-13513 -25961
-13475 6667
-13453 3129
-13424 6480
-13394 915
-13366 -19130
-13359 21177
-13312 8294
-13251 9816
-13237 -9765
-13229 6941
-13186 21296
-13105 23159
-13039 14885
-12999 29088
-12980 8314
-12901 13067
-12861 12
-12848 11441
-12793 3304
-12768 13499
-12667 -20626
-12642 -1081
-12539 23702
-12463 10490
-12137 -23775
-12106 22959
-12100 27733
-12062 7122
-12029 9400
-12003 28052
-11931 15213
-11914 23211
-11896 4623
-11847 -28795
-11824 -25383
-11733 22380
-11731 20574
-11601 7417
-11334 18129
-11223 -25202
-11219 -15122
-11206 20201
-11184 -9988
-11183 -28683
-11136 -18494
-11070 9947
-11064 -3597
-10984 -23994
-10652 4925
-10622 22082
-10574 -24203
-10479 -10990
-10368 18665
-10317 5977
-10296 152
-10291 -28007
-10111 -11314
-9965 19255
-9804 -21845
-9715 7476
-9637 9500
-9618 -5524
-9570 -2168
-9447 -22864
-9367 -27516
-9357 4626
-9305 3645
-9260 22936
-9238 20856
-9096 26387
-8950 -16540
-8941 1497
-8851 -20518
-8750 4839
-8736 25436
-8733 -5835
-8699 -15878
-8680 -18648
-8651 -27037
-8622 20213
-8548 7679
-8476 -12661
-8470 8163
-8452 -8455
-8400 3407
-8379 13652
-8320 -19970
-8309 19108
-8246 6769
-8225 -21277
-8210 -13808
-7978 -20667
-7848 9491
-7830 29442
-7785 24786
-7784 19321
-7764 1729
-7727 4977
-7722 -16655
-7563 -26200
-7439 5984
-7369 25467
-7367 19852
-7234 -9112
-7149 9947
-7136 -21278
-7081 4290
-7036 -22655
-7021 4869
-6831 7760
-6828 -12116
-6731 4400
-6510 21414
-6507 -18637
-6475 24527
-6452 -21706
-6369 20871
-6264 -22832
-6214 -22581
-6182 -6969
-6138 16397
-6043 16101
-5959 -6764
-5940 2002
-5840 -24894
-5829 10654
-5754 -11624
-5664 -18023
-5661 -26811
-5643 25444
-5642 24488
-5625 29483
-5564 5790
-5495 18192
-5352 14416
-5265 28281
-4941 -14745
-4782 28577
-4714 -24691
-4453 -27443
-4304 681
-4281 -22770
-4214 19237
-4182 -18152
-4094 -22870
-4089 -12045
-3871 -15137
-3542 5878
-3485 13983
-3255 -241
-3146 14100
-3040 25386
-3016 -27346
-2761 -22796
-2744 25593
-2684 -3947
-2421 28328
-2299 -22870
-2192 -12340
-2072 -3017
-2066 10115
-1650 -4902
-1598 -22329
-1445 11655
-1339 -19303
-1235 23136
-1192 22048
-1142 23036
-1111 -1429
-1074 29415
-968 -2679
-960 -18231
-956 -20429
-935 -23649
-792 23522
-702 -2924
-689 -29160
-581 15557
-468 -2168
-326 19808
-225 -14989
-204 17390
-59 -7937
159 25852
284 -24193
405 -1691
448 -3463
460 -28872
486 9603
544 11606
581 -15390
873 17964
1026 22420
1057 -14470
1104 19203
1173 20191
1234 -5526
1362 9985
1388 13766
1405 -14698
1410 -770
1488 -1104
1511 -19021
1521 -25635
1522 9144
1595 22483
1727 3796
1888 8511
2076 16589
2100 13281
2162 3191
2225 -29007
2314 7343
2325 29607
2419 16524
2585 -7861
2619 -24034
2638 -10506
2702 27721
2749 29703
2860 1544
2951 -17296
3210 26657
3278 -21771
3374 8377
3401 -20050
3407 -23069
3478 -28999
3487 -29485
3596 1342
3604 -10232
3670 9598
3679 20089
3684 -9094
3717 -12535
3822 14496
3861 -15166
4050 26667
4078 25316
4103 14626
4216 -17583
4410 16568
4569 -13751
4591 -2922
4655 29980
4876 25826
4965 17127
4978 -7120
4989 18081
5054 -1667
5126 1862
5203 1638
5288 -12382
5300 -15622
5338 18472
5370 -22160
5388 -18790
5486 -8163
5558 22636
5615 -24435
5824 -12983
5837 -7864
6016 -14894
6046 -22211
6232 28144
6325 -12420
6343 553
6393 -26575
6399 1308
6621 -21362
6635 27173
6690 -23820
6725 -2845
6857 22742
6945 -21581
6962 19501
7023 -27106
7053 12560
7247 -5926
7277 -21192
7283 -29139
7296 -28288
7372 2187
7540 15202
7579 201
7826 25881
7849 14494
7862 16653
7873 29569
7885 -27427
7903 22447
7917 14605
8028 -15102
8131 13012
8135 -12288
8307 -11300
8345 17370
8398 7039
8435 7912
8504 -20161
8589 -22412
8619 -24
8830 1020
8915 2662
8937 3313
8971 -14022
9030 -18209
9066 -4098
9089 9218
9167 4692
9241 14317
9401 7270
9523 21319
9576 9914
9578 7324
9661 8205
9941 18609
10064 -22360
10122 -7619
10265 10269
10353 -13794
10368 15058
10424 25972
10551 1351
10655 1061
10735 -22386
10819 16521
10838 -10317
10970 5552
11030 -26618
11077 -722
11091 -16828
11160 -19125
11162 9539
11207 20406
11210 26056
11249 10912
11264 -15378
11568 3116
11726 -25074
11740 -12757
11759 -20952
11763 17641
11782 -19147
11967 -17306
12138 -20141
12165 18583
12189 -18428
12208 -28455
12340 24835
12364 3879
12432 27908
12440 -28309
12509 -7909
12555 -29005
12598 -16277
12755 20858
12930 -1875
12948 -20436
12956 22147
13000 11014
13002 -12902
13004 20484
13345 -2189
13399 13508
13520 -14746
13531 2177
13610 -5616
13745 -25520
13745 -9684
13923 2342
13981 -20769
14085 24830
14246 -3967
14388 4523
14457 18354
14531 -12053
14561 10636
14561 24384
14613 -10832
14660 -5771
14720 -28002
14805 -27648
14854 17504
14958 -22929
14976 -5700
14985 26432
15042 21786
15195 -23285
15231 28013
15251 18097
15359 12832
15398 27907
15490 -26863
15554 26589
15637 -27126
15674 394
15726 16173
15794 -29424
15811 -22407
15834 -24923
15890 6454
15932 1510
15954 15681
15967 -2146
15995 -6248
16005 -18686
16089 4250
16331 -5740
16423 -24884
16453 9565
16460 26285
16553 28361
16778 -11032
16836 -6749
16960 4073
16996 28514
17009 9857
17045 5566
17110 29050
17117 -11221
17198 17721
17253 13646
17353 -11698
17418 -5576
17429 -13846
17479 -1486
17562 -15239
17716 -16545
17796 -27948
17902 28954
18437 -14190
18550 26893
18587 -22543
18594 27508
18613 -10465
18624 -24415
18679 -10236
18693 -20813
18727 6169
18823 -4252
18916 -23876
18917 10529
19016 28032
19133 -15575
19139 5158
19208 -19019
19355 26542
19436 -13155
19494 -23344
19563 -9158
19571 1268
19617 1668
19758 11366
19769 -8629
20031 12978
20034 6283
20086 -2666
20156 -19893
20284 2935
20375 22425
20551 -18153
20625 -7630
20642 836
20661 -15133
20833 -27015
21038 29690
21090 -14498
21319 29617
21492 -18348
21624 -28191
21696 -22985
21708 15429
21755 28242
21841 -20278
21971 -11512
22024 3154
22080 -11534
22136 7601
22598 40
22651 -2707
22719 28675
22749 -6344
22986 10748
23055 15934
23180 7620
23180 10020
23277 -23608
23342 7767
23378 22766
23415 -25699
23457 -27005
23753 19733
23940 -1696
23982 -5567
24315 -28469
24416 25975
24574 -5890
24613 -21894
24652 -17467
24734 4636
24816 -14525
24848 7035
24889 23474
25040 10483
25115 17377
25152 -13776
25292 4209
25355 19507
25404 -15263
25472 -10874
25473 11172
25488 -3029
25607 -17295
25618 8879
25774 19105
25841 -20695
25859 1668
25894 4863
25897 10192
25911 29327
26071 29766
26418 20727
26576 -4665
26586 -8956
26706 -14815
26707 -14486
26827 5504
26898 3171
26957 -5880
27167 14683
27193 -4440
27266 21689
27374 -11194
27381 -13232
27491 417
27521 19576
27637 -26646
27699 22459
27779 -1287
27802 -13383
27907 19404
28020 -1452
28050 -27836
28071 -22886
28096 -13228
28139 7451
28216 -21117
28232 13906
28264 9108
28285 -14450
28507 20856
28515 -23556
28534 -11398
28706 9722
28753 -5644
28823 -5593
28827 1740
29072 5541
29077 24266
29210 -522
29225 -12590
29439 -10754
29470 23945
29529 -5247
29534 25756
29595 25573
29997 -14693
