800
-29912 25300
-29829 -8121
-29656 20413
-29603 19694
-29575 -10768
-29446 8373
-29296 1360
-29234 22768
-29139 548
-29094 -17740
-29087 -14598
-29014 -3080
-29011 -6951
-28965 16736
-28599 27585
-28549 -21016
-28473 17668
-28457 2295
-28289 -23237
-28056 25807
-27996 3020
-27937 -4859
-27918 19680
-27893 -9051
-27834 -7022
-27834 27010
-27351 9019
-27341 4427
-27312 -4251
-27302 -1657
-27301 -25542
-26921 14033
-26867 15916
-26854 6520
-26743 -26032
-26695 -5644
-26484 -12373
-26458 -2388
-26363 -21746
-26354 19781
-26337 -18466
-26329 -29448
-26212 -10461
-26198 24638
-26121 -18814
-26023 -24450
-25886 24125
-25583 14698
-25303 -7598
-25169 -23025
-25121 -16542
-25110 23829
-24949 27012
-24947 -25882
-24894 -14585
-24854 25154
-24715 -10013
-24699 -23086
-24563 -29780
-24446 14080
-24398 21740
-24263 20839
-23987 4031
-23947 -1942
-23851 -18615
-23777 -12634
-23773 -3115
-23726 12629
-23581 24197
-23577 -13305
-23547 9750
-23546 -17639
-23421 -16464
-23363 11138
-23360 -6722
-23280 -2323
-23193 15474
-23080 19217
-22992 24091
-22985 -10297
-22926 -803
-22910 -4454
-22886 -12614
-22885 2718
-22878 20671
-22815 24005
-22795 17338
-22786 18818
-22777 5675
-22745 22971
-22673 4451
-22672 -14265
-22587 13024
-22557 7419
-22132 14350
-22125 19730
-22051 -16721
-22032 -1721
-21931 -20199
-21767 9517
-21746 3096
-21645 4507
-21607 -6000
-21441 20846
-21421 28441
-21320 4086
-21290 -297
-21209 -5551
-21144 -24277
-21082 -26856
-20952 -29590
-20862 11251
-20848 5110
-20603 -17734
-20556 -18326
-20545 -28185
-20508 -23185
-20496 -7827
-20476 -3237
-20465 8230
-20463 -12908
-20416 -12596
-20310 14815
-20275 -12536
-20253 -595
-20168 347
-20149 25411
-20071 -24525
-20040 18823
-19741 4810
-19661 -9848
-19648 -9639
-19376 -9661
-19368 15759
-19343 -10462
-19216 -23481
-19089 7661
-19077 -21409
-19044 -13528
-18930 17993
-18923 -29361
-18902 -21470
-18883 -11066
-18838 -4562
-18803 -16422
-18712 -16449
-18525 9982
-18270 -8906
-18190 17260
-18098 -21083
-18093 -21236
-18053 6742
-18001 7744
-17953 -22858
-17864 -19835
-17730 -16695
-17415 20488
-17394 1814
-17301 -1948
-17259 -4743
-17226 -28878
-17033 -26542
-16981 17287
-16937 -14587
-16919 -25568
-16848 21219
-16833 -3487
-16819 9558
-16774 2305
-16765 -816
-16760 -18993
-16710 13716
-16705 9248
-16597 -24558
-16572 -13475
-16537 1657
-16378 22719
-16111 11075
-16103 18594
-16033 19191
-16010 17187
-15968 19388
-15965 25848
-15914 -3097
-15640 -9784
-15562 -19828
-15546 4475
-15537 29048
-15519 -25386
-15355 26887
-15330 29025
-15266 1440
-15226 -2547
-15123 14930
-14973 -22954
-14846 26682
-14841 15938
-14816 7888
-14759 -18133
-14712 5086
-14686 -8112
-14467 -20446
-14389 2424
-14349 -26223
-14333 -22526
-14290 -23003
-14288 -23464
-14202 21255
-14153 25408
-14015 24514
-13993 -10257
-13937 -14069
-13877 14198
-13813 10894
-13690 -367
-13688 4328
-13665 9690
-13582 -20121
-13559 12675
-13444 8912
-13346 -21579
-13020 -24958
-12596 22792
-12448 18040
-12405 3279
-12284 -2678
-12241 -9421
-12025 12662
-12019 12016
-11966 -12380
-11877 -743
-11800 -846
-11734 -21731
-11705 -18790
-11438 -4080
-11235 2059
-11224 4336
-11224 20492
-11216 -15247
-11119 -11402
-11041 -17736
-11035 -16372
-10815 28355
-10790 -29453
-10647 -20498
-10524 -20011
-10471 3549
-10353 -22839
-10245 6261
-10167 -26846
-9912 19327
-9612 19174
-9569 -19786
-9448 -21505
-9381 24778
-9351 8826
-9003 -26612
-8929 29926
-8831 22058
-8524 -4577
-8416 10776
-8366 -26817
-8231 -7589
-8150 -14085
-8150 9091
-8094 -5457
-8061 -3047
-8053 -13804
-8005 23956
-7961 -5054
-7905 -4314
-7751 -20390
-7663 709
-7613 6626
-7582 -10530
-7568 -27417
-7420 -29914
-7387 8692
-7356 21572
-7336 -15263
-7333 793
-7184 -11611
-7153 15136
-6893 -23206
-6849 -23158
-6828 -12808
-6516 21940
-6492 27692
-6455 -320
-6436 18636
-6295 24049
-5948 23473
-5931 8776
-5730 23298
-5723 -25997
-5709 -24195
-5671 8285
-5592 -1654
-5568 27882
-5516 -3426
-5460 -21461
-5418 -24444
-5224 -17798
-5141 9142
-5008 -8139
-5004 -27996
-4951 -28876
-4867 19588
-4813 -24811
-4775 23898
-4752 -5553
-4700 28345
-4649 29328
-4590 20579
-4587 -19134
-4565 3907
-4563 -7938
-4486 -11134
-4430 -18849
-4358 -6357
-4357 22797
-4342 -14721
-4268 -20466
-4262 26725
-4216 -17255
-3907 23024
-3886 -8806
-3855 7157
-3760 9028
-3668 -21354
-3628 1305
-3543 -24434
-3509 19578
-3490 23053
-3357 -9050
-3257 -1502
-3209 25754
-3102 -23081
-3084 25061
-2979 -4781
-2962 21278
-2790 2766
-2762 25613
-2725 -19156
-2718 2388
-2709 -19041
-2684 23875
-2658 -13662
-2621 -3794
-2517 -20525
-2353 -17512
-2294 -16896
-2271 -15055
-2236 10201
-2107 -12300
-2090 575
-1983 8564
-1972 7329
-1966 -10056
-1529 -13813
-1513 -1122
-1495 -9745
-1428 7558
-1358 2859
-1230 -24937
-1194 -19626
-1170 22170
-1043 14857
-917 -12687
-874 10494
-806 -17508
-624 -24342
-563 -11632
-511 -24602
-383 -1295
-353 -19979
-293 5711
-280 -343
-236 11651
-74 -1618
41 -2152
121 8214
256 -11260
437 1315
632 -25982
684 -521
780 -6988
799 4171
852 -5921
949 -9681
980 -18152
1004 29554
1131 26616
1148 -16396
1317 29023
1337 -833
1392 -18145
1422 29901
1449 19868
1522 -27639
1664 -17203
1677 -11842
1755 -25790
1851 -27336
1889 6680
1948 -2923
2020 17054
2025 19764
2047 -2157
2078 21050
2183 9746
2238 27586
2281 -13282
2329 25793
2388 16214
2394 21521
2462 -25143
2569 -13977
2626 -22283
2732 -26590
2758 -22438
2785 -23999
2794 25726
2837 -16366
2884 12368
3029 24165
3122 -6541
3182 22717
3302 -27611
3362 7235
3591 -12968
3685 -5159
4041 -18382
4126 -8376
4128 -28603
4233 15835
4256 10353
4411 -18379
4415 -12910
4425 25483
4469 22884
4626 -17450
4675 2848
4712 -8267
4732 -24789
4744 22466
4828 -5970
4846 3542
4992 -13026
5122 -18913
5176 10272
5199 26509
5330 -2767
5337 -15074
5486 -772
5584 -24777
5600 -24239
5656 -15088
5752 -24991
5756 -20846
5782 17304
5827 -6894
5848 26883
5863 -1652
6083 -28781
6321 1
6363 7441
6408 -17970
6609 -27119
6904 -11681
6944 28584
6980 -19715
7013 23774
7032 -16156
7097 -5361
7163 18082
7165 -15348
7207 -22475
7243 14322
7314 -11813
7325 18366
7360 -22256
7413 5016
7513 -24520
7544 -29284
7607 -20366
7822 -26233
7944 20156
7972 -27647
8054 220
8093 8841
8164 -22893
8183 -12915
8308 -28625
8320 -16336
8401 27998
8500 -24021
8513 -5225
8526 -5270
8641 12174
8670 23620
8787 18187
8837 5151
8970 -10783
8985 9141
8997 -5083
9228 -3571
9312 7814
9407 1764
9433 -12233
9459 -25717
9468 6350
9518 -15049
9663 -27544
9668 23303
9731 -27711
9798 25634
9838 29799
10007 -16253
10097 13516
10160 -25515
10168 20739
10277 -28416
10332 -8339
10370 -25724
10396 26361
10489 3832
10552 -25865
10552 23018
10555 10197
10610 14154
10836 -5793
11172 -24456
11213 -20969
11275 24273
11308 21499
11428 -7487
11443 -16722
11562 17955
11595 15333
11618 28930
11669 20382
11762 25738
11925 -21327
11926 8874
12022 -14740
12031 -27800
12102 6426
12137 15967
12208 -589
12223 9214
12263 -18711
12272 18441
12332 -17437
12395 -10284
12411 -24935
12416 6321
12489 5306
12525 25819
12613 15798
12731 27780
12747 12204
12870 13635
13201 -307
13347 -2910
13592 -14064
13629 -15368
13756 28804
13797 -4299
13831 16314
13932 4821
13971 4902
14100 -28949
14179 6630
14252 -14661
14290 -24885
14673 -19120
14939 16504
14981 21809
15050 28019
15078 20710
15115 -12950
15253 -26232
15257 -2383
15307 14128
15413 403
15468 22369
15604 24484
15693 -7394
15730 807
15881 -8712
16067 -8310
16077 18652
16089 16242
16116 20448
16144 29669
16154 9661
16238 -18645
16377 6323
16575 -157
16640 -1517
16694 23626
16702 -1150
16752 -20362
16802 21304
16872 4774
16904 14262
16943 -3334
17011 -26874
17102 1000
17268 1879
17271 -2995
17280 -7651
17436 25063
17462 13553
17463 -23780
17488 -3743
17532 9383
17541 18917
17672 -23211
17684 2743
17711 -27797
17739 11616
17767 -12486
17833 -14741
17846 17156
17865 -27832
17971 5443
18011 -14218
18031 -11180
18036 -11132
18079 -11624
18134 28919
18233 -4274
18255 9490
18369 -21593
18395 23918
18459 13525
18508 -25235
18523 14089
18554 -1731
18739 14757
18817 -19212
18860 14680
18945 631
18975 -20380
19031 -22550
19095 -11775
19118 20282
19154 -22852
19251 -24198
19262 -18886
19265 9004
19300 15849
19303 -25132
19332 -14261
19398 -17863
19438 8021
19535 24864
19550 -29243
19646 29592
19685 3464
19695 -16026
19715 -20561
19754 -25020
19831 -4679
19900 20915
20036 -23059
20044 28390
20056 19511
20069 14994
20147 5841
20168 -9929
20227 6508
20229 -23513
20545 28577
20627 1912
20665 24364
20827 10056
20837 -2871
20846 7660
20869 -6346
20886 24519
20899 13185
20915 -21856
21015 11699
21087 4588
21161 19059
21174 -1796
21301 -6718
21369 -22284
21473 6427
21477 -28770
21505 20436
21660 -29862
21771 8640
21776 -7960
21810 -15242
21857 27194
21906 -10946
21944 -22074
22037 23007
22048 -24351
22129 17830
22175 -13047
22306 -16742
22327 -4026
22363 -29139
22367 26342
22480 6006
22525 -22412
22553 8245
22553 25319
22593 26617
22689 27525
22791 12856
22812 -1686
22868 25907
23062 -24024
23243 10625
23419 -28488
23441 -23581
23469 23742
23631 -8992
23637 -12560
23656 20426
23801 4039
23818 -29761
23949 865
23985 -17666
24156 17643
24301 26540
24304 4279
24421 18646
24743 4532
24809 -16399
24846 14937
24901 -17885
24919 10633
25001 2092
25092 -18106
25167 10026
25245 -14321
25297 6709
25352 -16886
25440 -23758
25531 -4309
25606 -19712
25626 20752
25704 -5604
25859 27712
26001 3099
26006 -5993
26020 16053
26098 -6857
26164 12674
26202 -19761
26262 -1194
26378 -9629
26452 -15287
26508 2240
26512 26993
26536 18801
26717 -10363
26753 15771
26884 -12822
27013 15543
27072 25686
27257 28084
27280 28797
27416 -18109
27744 -27659
27870 28677
27917 -22841
27936 -3827
28010 -6578
28022 -16400
28037 14663
28228 -25247
28243 -13520
28260 -15543
28341 10329
28344 -25112
28362 -24458
28408 2472
28514 -20056
28545 5082
28675 15453
28723 23813
28786 -9466
28795 -19777
28939 14469
29029 13341
29186 13954
29296 10963
29362 -23909
29423 -21359
29519 22196
29821 -22198
29940 3591
