800
21281 -20446
-26787 -12559
11185 -27341
-26727 12592
20320 -21406
18247 23113
21240 -20489
-25076 -15703
16044 24695
29345 2598
-29344 -3693
22377 19140
24577 -16314
-14601 -25730
-27439 10965
-6154 -28927
25319 15037
-29508 1860
-29563 -707
-8378 -28366
-10770 27456
-21871 -19928
8202 28292
-19227 22395
-8540 28224
-29181 -4825
-20808 -21035
8930 28070
-1707 -29518
-28977 -5936
-10085 27713
9681 27819
10996 27324
26055 -13818
-29097 -5310
-18667 22861
-28381 -8339
-23666 17664
29318 -2979
-17699 23615
1041 29450
-2799 -29436
28538 7290
12098 26853
15037 25321
-3669 -29342
-2217 29391
23432 17833
-8808 28142
28290 8196
29379 -2287
18145 -23287
-11981 -27047
29428 -1512
28620 6962
-27530 -10831
-26695 -12754
29075 -4826
-25455 14986
29003 5152
-28704 7051
27257 11153
-16420 24517
-28029 9366
-26961 -12180
-21918 19782
29423 1500
-1164 -29543
26603 -12724
29413 -1776
28731 -6584
26034 -13858
28919 5600
-25959 -14193
5599 28924
29018 -5160
-18358 23109
29177 -4152
-21335 20406
28588 7092
-29481 2250
11285 -27299
12365 26731
12134 -26931
-27849 9885
13105 -26469
29026 5019
-25381 15110
-21062 -20780
-28035 -9443
27401 -10889
-29559 772
4719 -29176
-18242 23200
-7830 28427
-16176 -24771
-23956 17271
-13014 -26566
-6240 28814
-25985 14053
28850 -6038
-25254 15321
-24284 -16903
27161 -11477
-23628 -17809
-24583 -16464
28415 -7847
12672 26586
-4452 -29234
-15040 25382
14731 -25595
-21083 20665
-26371 -13413
-29071 5357
-9271 -28088
14440 -25761
24161 -16927
-7475 28522
24934 15666
-13101 26429
-16477 24479
29436 1245
-17532 23738
23265 -18145
-29352 3537
18872 -22699
3866 -29303
-5272 29005
7255 28551
26374 -13196
28 29470
-24640 16285
26696 12433
19289 22250
-21632 20093
5220 -29089
29391 2030
948 -29547
-4163 -29276
19033 22469
25733 14318
13991 -26009
21628 -20077
14229 25785
27240 -11288
28224 -8512
21685 -20015
-12728 26610
25258 15139
21157 20481
25889 14034
-4727 -29192
28981 -5366
-7691 -28559
-29252 4274
-1005 -29549
16219 24580
25552 14638
26433 -13076
10387 27562
-5793 28907
24259 16691
20905 -20832
6344 -28863
15897 -24883
29463 -338
-6411 -28871
12360 -26827
29189 3976
5658 -29006
21474 20148
-29131 -5120
-19917 21786
-13415 -26366
20529 -21205
29358 -2549
-12887 -26628
-25584 14766
13605 26120
3712 29229
-6042 -28950
16537 -24461
24632 16137
25016 15535
25772 14248
-10909 -27495
-8512 -28326
29035 -5063
-29421 2918
-20621 21124
21319 20312
24241 -16812
29438 -1293
-12599 26671
29457 575
9501 27881
-9566 -27989
29208 -3928
-19511 22149
-7988 28383
29451 822
-29381 -3382
-27282 11347
-2336 -29476
25638 -14581
-6058 28853
7645 28449
-9759 27829
-10602 -27615
16414 -24544
26292 13265
2633 -29442
26073 13689
-15811 24912
8519 28198
29240 -3679
6633 28703
-9949 27762
19093 22418
-5623 28940
-17570 -23804
-29543 1210
9046 28033
-14344 25780
22596 18882
-7439 -28625
-21213 20532
11701 27029
13220 26318
28840 5990
-23458 17938
-13515 -26315
23425 -17937
-17066 -24168
19301 -22334
-9759 -27923
-3009 29322
-15454 -25228
-24666 -16340
21773 -19919
-27728 10218
2191 -29479
25804 -14283
-1576 29431
-27511 10784
7205 28564
-28890 6253
29302 3046
-26265 -13619
-4269 29167
-25180 15441
15803 24849
-28079 -9311
-28866 6361
28555 -7317
28260 -8392
-29047 -5579
-2368 29379
-23812 17468
26736 12347
-6769 28696
-17930 -23535
-19135 22473
23573 17647
-18467 23022
-18285 -23260
-29364 3434
-370 29468
13595 -26219
-11680 -27178
-11182 27292
-20339 -21489
-7285 28570
27471 -10710
-29412 -3100
-28918 6124
-29467 2421
29139 -4417
23363 17923
26860 12075
-12601 -26764
22976 -18512
-24759 16105
25889 -14129
29464 7
11578 27082
19696 21890
-22097 19582
27671 -10177
25942 -14030
15499 25041
-28311 8481
-28255 -8761
-28429 8081
-26747 -12644
-29521 1656
-26120 -13895
27783 9773
-8950 -28191
-19035 -22651
-28138 -9129
7029 28608
14800 25461
17774 -23573
-24433 16593
7842 28395
-29260 -4312
-26844 12342
-23967 -17349
-1497 29435
-29454 -2665
-13976 -26074
-29406 -3155
-13771 26089
-28652 -7353
-20488 21253
21953 19625
-27208 -11617
-29558 810
25559 -14720
20572 21068
-20568 -21269
-23621 17724
23931 17159
27012 -11825
10726 27432
29353 -2608
-1924 29411
-26008 -14103
13164 26346
-25864 14273
17978 23323
-13040 26459
-22392 -19341
23080 18287
-12475 -26823
28728 6505
-20753 -21089
16899 -24211
1791 29412
7612 28458
-24402 -16732
-26085 13866
25118 -15464
-6996 -28736
9986 -27805
-3303 29291
-19702 -22074
-27154 11649
8585 -28272
28174 -8678
2475 29362
28789 -6324
-19977 21731
1216 -29537
-10075 -27811
-28593 -7580
-10635 27508
-28394 8203
-24982 -15853
3114 -29394
2531 29357
29446 -1084
21849 -19835
-15844 -24985
18420 -23069
-29563 606
-7042 -28725
26809 -12282
-12924 -26610
29457 -683
5009 -29127
-18744 22798
-24313 -16861
-2908 29332
-28741 -6992
-12368 26778
28200 8498
13359 -26341
-23555 -17904
-17323 -23984
-28299 8521
-14848 -25589
16462 -24512
28530 -7415
28365 -8028
-29443 -2783
-9861 -27887
-24841 15979
16719 -24336
-24150 17000
3140 29297
28113 8782
27697 -10107
19574 21999
14901 -25496
3695 -29325
25182 -15359
-28901 -6294
-27433 10980
20856 20787
20450 21187
-26845 -12434
26050 13733
-11572 -27224
-25348 15165
19366 -22277
-10384 27603
-5362 -29083
-21628 -20191
-7918 -28497
17133 23951
-26552 12956
-14700 25580
-29187 4692
-19866 -21926
-855 29459
-17845 23505
-27048 11892
5299 28981
2769 29335
14958 25368
16906 24112
6988 -28712
28616 -7073
7993 28352
25972 13879
21774 19823
2414 -29461
-7713 28459
609 29463
-24210 -17008
1838 29409
-24790 -16151
-15026 -25485
15659 24941
27626 10206
27143 -11520
25424 -14953
3063 29305
-5454 28972
27669 10090
13217 -26413
-21840 19868
26549 12743
-29309 3870
-24062 17124
28861 5888
17091 -24075
-17136 24025
-27852 -9971
26720 -12476
624 -29556
-6641 28725
-28007 -9526
-15625 25029
299 29468
11935 26926
22257 19280
27063 11614
25284 -15189
-12244 -26929
28638 6888
29043 4918
22591 -18982
-25700 14565
26423 13002
-19950 21756
-18851 22710
-21483 -20346
5179 29003
-29296 -4058
-14827 -25601
-7649 28476
-18927 -22741
15666 -25030
23772 -17472
5724 28899
28267 8274
-11682 27083
-16787 24268
-5917 28882
-29387 -3328
18440 22959
-1096 29452
22815 18616
29377 2219
9176 -28084
-8166 28333
3907 29203
-16659 24356
7365 -28617
-23014 -18596
-5205 -29111
-893 -29552
17233 23879
-6960 28651
-14161 25880
-28115 9105
28330 8057
-173 29470
17529 23663
-23445 17955
-23856 17408
-17384 23847
1485 -29524
-1321 29443
-3701 29244
29092 -4721
28696 -6737
-29518 -1804
-29011 5670
17371 -23872
-11748 27055
-29199 4616
22732 -18811
22981 18411
24920 -15783
-11605 -27210
1661 29420
-5808 -28998
17060 -24097
-26221 13609
27777 -9884
21509 -20205
-25424 -15133
-20301 21430
-27963 -9655
22254 -19377
27190 11315
-3383 -29376
-24469 16540
-27445 -11044
-4581 29121
29170 4112
-2683 -29447
-22694 18891
-5544 28955
11744 -27104
26903 -12074
28779 6275
29341 -2738
27476 10603
23237 -18181
-10964 -27473
25375 -15036
4187 -29258
-26292 13473
-3152 29307
11779 26995
12851 26500
27835 9623
3105 -29395
-23392 18023
-29474 2337
10040 27691
21972 -19698
8817 -28200
27677 -10161
28247 8341
-28632 -7430
29405 -1911
28696 6642
13699 26071
16411 24452
-20762 20986
28373 7905
-21713 -20100
26956 11860
-29430 -2918
9244 27968
29115 4481
23199 18135
12788 -26625
14313 25738
-20627 -21212
-29367 -3501
-29468 -2499
-25227 -15459
-18223 -23309
-22776 -18886
6936 -28725
716 29460
-26357 13346
19947 -21756
8676 28150
1559 29426
11162 27257
-16219 -24743
-27635 10463
-7623 -28577
-13896 -26117
27104 11518
27381 10846
27960 -9349
24369 -16624
-14195 -25955
19056 -22544
22397 -19211
-29256 -4339
-6862 -28768
15180 -25330
6646 -28794
20996 20646
-29400 3115
-26851 -12421
-29316 -3913
28577 7136
28088 8861
-20101 -21711
-15203 -25380
16506 24388
11982 -26999
-3180 -29398
29397 1941
-28081 9210
19492 -22166
18645 -22887
26115 -13703
-29340 3633
-14835 25502
-12500 26717
20881 20762
-13173 -26488
-20961 20788
24101 -17013
28972 5320
-13412 26274
-28435 -8152
29416 1633
-17748 -23672
-2430 29374
-562 -29560
8407 28232
-22877 18670
29153 -4323
13921 25953
12293 26764
8738 28131
25671 14429
24818 15850
-2757 29346
-28950 5973
9011 -28138
-28571 7567
29322 2848
28512 -7484
2290 29377
27891 -9554
-11511 27155
-18453 -23127
10802 -27496
28783 -6352
-19401 22245
-8987 28086
-25069 15620
6857 28650
12515 -26755
25121 15365
12580 26630
-29498 -2109
-24227 16891
-7278 -28666
20297 21333
8912 -28170
-29215 -4614
-5166 29024
14587 -25678
-16501 -24556
-18624 -22990
22932 -18566
-29567 -482
26214 -13513
11688 -27128
-25843 14311
-28687 7120
-9524 27909
-21311 -20526
-26631 -12887
29426 -1551
26651 -12623
6702 28687
-8820 -28232
-23042 18467
24674 16073
11428 27146
5979 -28941
29056 -4939
4067 -29275
-28942 -6105
-15866 24877
12696 -26669
-29526 -1649
10597 -27576
24807 -15961
27124 -11565
17886 23393
29099 4581
14645 25551
-10486 -27659
-15598 -25139
-27789 10051
29461 372
29395 -2064
-21574 20155
3413 29266
-26519 -13117
-20126 21593
3404 -29361
13723 -26152
29161 4175
22923 18483
-19277 -22446
-10304 27633
-27855 9868
13796 26020
28170 8597
25403 14895
-8156 -28430
-27150 -11752
-27321 11254
-25128 -15619
-12730 -26703
-29145 4944
-1178 29449
29369 -2416
-24516 -16564
2950 -29411
-9395 -28047
29254 3472
-1033 29454
15071 -25395
28006 9116
4391 -29228
-22520 -19191
-18140 -23374
28750 6406
20119 -21596
-29056 5439
27739 9897
-27114 -11835
10108 -27760
-19984 -21819
-9195 28019
27925 -9454
24331 -16680
4121 29173
-14569 25654
-27722 -10326
27838 -9709
26689 12448
20085 21534
26996 -11862
-23290 -18248
-28219 8782
-29232 4405
-28756 6837
27024 11705
16670 24276
28472 7543
-2621 29358
22114 19444
18214 23139
-27940 9625
-3339 29287
-26672 12708
-28244 8701
-27005 11988
-22310 19340
-3027 -29414
23029 -18445
-11123 27316
1938 -29497
28416 7748
-29568 276
6241 28791
16655 -24380
-29564 561
22207 -19431
24983 -15682
-24744 -16222
28954 -5511
-9423 27943
-8768 -28248
-23183 -18385
-24289 16802
24405 16477
-27285 -11434
-1791 -29513
-19727 21957
-22017 19672
-16219 24650
-22953 -18671
4786 -29165
29287 -3275
-613 29465
-22170 -19595
-3943 -29307
-17929 23441
3457 29261
