800
-4542 28720
-11803 26582
-20397 20752
15557 24555
20707 20403
-22072 -19040
-24588 15578
20083 -21091
-11008 -26994
28888 3390
28876 -3563
16430 -24054
-18352 22576
-19188 21872
-25550 13950
14198 25365
-7948 27973
-14888 24990
-23758 -16887
19273 -21836
-680 -29140
-23230 -17607
-3905 -28887
-17661 -23193
24169 16159
-14560 25182
-29046 2178
-28359 6620
-29120 742
21169 19924
-18710 -22355
-1607 -29104
28907 3226
-16293 -24174
-27873 8426
-4630 -28780
28674 -4943
-27366 9943
27952 8024
26963 10887
18104 -22817
-8071 27938
-24947 -15072
-18285 22630
5594 28527
27690 8883
-294 -29146
5511 -28617
29046 -1645
-13662 -25753
23683 -16936
19040 -22040
-21756 -19401
-6976 -28304
-3447 28871
-22809 -18150
-29002 2694
16358 -24103
20097 21004
865 29060
1331 29042
28343 6517
-26568 11905
-29086 1570
16433 23978
-17720 -23148
7819 -28072
15709 24458
15681 -24550
-1894 -29087
-1515 -29109
-13325 -25929
-4079 28789
11729 26597
29022 -2032
9438 -27568
29084 -649
-16486 -24043
-28064 7770
23638 -16999
8003 27946
-9674 27426
28569 -5522
-19236 -21904
-13485 -25846
27728 -8838
28909 3208
27910 -8243
28899 -3370
29009 -2213
26812 -11327
-26957 11000
-16159 24190
3580 -28924
-5834 28487
-8222 -27968
-8008 27956
544 -29142
-1161 29051
-25277 14437
-4897 28662
-14758 25067
-14641 -25209
22314 -18708
-28247 7080
-28479 -6161
28156 -7353
2408 28972
3003 28916
26577 -11870
28976 2541
-25342 14323
18244 -22705
27438 -9705
-3229 -28970
29077 -922
-29054 -2145
-15065 -24958
-28429 6315
-29110 1052
-21615 19484
22764 18082
22814 18019
-29074 -1849
-15390 24685
-17301 -23463
28596 -5379
28327 6586
-24944 15003
-28228 7155
27246 -10234
-27651 9125
-3318 -28960
-25491 -14131
-23930 16568
-3699 -28914
3767 28826
-29052 2097
-6882 28253
1413 29038
-9284 -27634
16844 -23765
22028 18971
-11586 26677
12081 26439
28858 -3708
-8665 27760
-2209 28991
16813 23713
-17914 22924
-5489 28555
2513 -29037
-24021 16436
-27723 8905
9814 -27436
-8878 -27767
-28853 -4046
-4225 -28842
-29130 111
26467 -12114
26200 -12683
-1645 29028
-18358 -22645
-29022 -2547
11308 26779
24789 15192
11815 -26633
17947 22867
19123 21894
-25198 14574
-28645 -5331
-2058 -29076
28271 6821
27293 10033
10513 -27175
-12247 26381
3295 -28958
29022 1957
5465 28552
-27011 -10941
28577 -5480
28468 5950
17380 23301
-25046 14833
27902 8196
15337 24693
-7571 -28151
5402 -28638
-18856 -22232
-23485 17191
-4618 28708
-29122 -738
-26399 -12348
26115 -12858
28393 6297
13868 25547
27165 -10448
12446 -26343
7354 -28198
20238 20868
28103 7480
-14553 -25260
-2001 29006
2004 -29077
-17820 -23071
-16701 -23894
28567 5458
28696 4739
-12497 26264
-7405 28121
25342 14252
7929 -28041
-10852 -27057
-28754 -4703
-7660 -28127
-19700 21413
-29122 661
8869 -27757
-7332 28140
-28949 3207
6376 28362
-29107 1129
28510 -5821
26421 -12214
-6500 -28417
12568 -26285
-23354 -17442
6725 28281
-28296 6883
-28288 -6989
29019 2000
18280 22602
27403 -9804
-28921 -3522
-26744 11506
-21138 19999
10692 27031
13360 -25890
-28036 -7944
23091 -17737
27523 9386
28395 6288
7700 -28105
2867 -29004
-27859 8472
-26310 12463
24312 15943
27478 -9591
18960 22035
16290 -24149
-4000 28800
-13994 25500
7989 -28024
-7247 28162
8593 27770
28144 7325
-19449 -21715
25725 13550
5381 28568
6019 28440
21300 -19858
11291 -26860
16701 -23866
28779 -4284
27540 9336
-28880 3773
27183 10327
2570 28958
21184 -19982
10212 27216
17178 -23524
28534 -5701
8574 -27850
-459 -29144
28349 6491
24855 15084
19818 21267
22302 18648
27681 -8985
-27177 -10521
-27026 10830
-16569 23912
7858 27987
-28821 4196
-27135 -10629
23700 16838
21837 19190
9048 27625
1012 -29129
-27699 -9053
-22090 18945
-28092 7669
14506 25190
23597 16982
-24517 -15763
9226 27566
-24337 -16040
23979 16439
-20815 -20408
-13485 25772
-28589 -5625
11882 -26603
15813 24391
-25250 -14558
-14807 25038
-6088 -28508
-23082 -17801
-16905 23676
22847 -18051
-24906 -15140
-28321 -6854
-28747 4672
-4548 -28793
6341 -28444
27102 -10611
-3043 -28990
-760 29064
26584 11780
3611 28846
17265 23386
6590 28313
28622 5164
26073 12869
24456 15722
29062 1248
28540 5596
21244 -19918
27317 -10042
-10376 -27243
-28273 -7050
-20380 -20843
20274 -20907
28168 7233
28512 5737
-25347 -14388
8273 27867
-7798 -28089
27639 -9114
-27549 9427
-6664 28305
-22864 18006
-13817 25596
-7593 28071
16999 -23654
-24082 16347
-6711 28294
-9959 27324
3865 -28887
-29061 -2046
18561 22372
19500 -21633
-10033 27297
3107 28905
11058 26883
-28861 3914
3872 28812
355 29071
1759 29019
21840 -19261
426 -29144
-27521 9508
-28141 -7562
-7145 -28262
-869 -29135
27502 9447
26297 -12480
7660 28042
29059 1316
29075 -986
-22651 18273
20353 -20830
-18637 22342
-18259 -22725
4862 -28735
15406 24650
28719 4598
28688 -4860
-3579 -28929
28329 -6651
-5416 28569
29087 406
27812 -8569
-28781 -4534
-28446 6238
25757 -13563
26417 12149
29087 -485
-4413 28740
-23934 -16636
28006 7834
3390 -28947
28759 4343
-29080 -1750
-20348 20800
25716 -13641
25025 -14875
21930 -19158
29084 576
17377 -23377
-26536 -12050
22191 18780
11927 26509
-24194 16181
-9525 -27552
-28502 5979
28448 6045
2536 -29035
-21947 -19184
24067 16310
8038 27936
5198 28602
15516 24581
-15701 24489
28291 -6812
29047 1552
-28993 -2863
14489 -25274
24286 -16057
-15962 24320
28732 -4591
-21833 -19314
-11655 26647
-28704 -5001
-3830 -28897
-28491 -6105
-29028 -2476
7180 28169
-12158 26422
8800 -27779
9925 -27396
-18498 -22531
29080 741
27296 -10099
-2719 -29022
27762 8656
4380 -28813
-15939 -24409
26186 12638
-29071 -1896
-14334 -25385
27843 -8467
-4961 28651
-6281 -28466
-26616 -11872
-29020 2496
-23846 -16762
-16741 -23866
29070 -1128
29025 -1988
-11295 26801
354 -29145
-9005 -27726
-26840 -11355
-21825 19249
8781 27711
-13769 -25696
-12406 26307
-11288 -26878
-5346 -28656
28785 4169
23830 16654
3180 -28971
-27901 -8407
-5695 -28589
27805 -8592
27035 10707
28850 -3771
-28441 -6335
-13223 25907
22208 -18834
28560 -5569
8541 27786
-27928 -8317
28300 -6774
-29100 -1368
18726 22234
-28671 5114
24612 15477
-27249 -10332
-27393 9869
-9840 27367
11931 -26581
-10822 26995
-22976 17864
22973 -17890
-2460 -29045
-17619 23151
-22147 -18953
-29006 2651
14757 25044
-3628 28849
-23670 16936
-25265 14458
29059 -1389
-28746 -4752
2753 -29015
7180 -28243
21536 19527
4340 28745
18822 22153
25754 13495
19959 21135
27075 10606
18596 -22417
6508 28332
-25855 -13452
9273 -27624
28733 4511
4260 28757
22479 18435
-22053 18988
20516 -20669
-24486 -15811
15459 -24691
-5993 28454
-28246 -7158
22994 17789
27856 -8424
-26193 -12780
-14800 -25116
-21722 19365
-28961 -3173
-14452 -25318
13193 25902
27926 -8188
-22344 -18720
27095 10555
-25210 -14627
-28193 -7365
-28047 7831
29002 -2304
-28533 -5904
-5883 28477
-20161 20981
-16348 24063
24390 15824
-23553 -17172
23236 -17546
-10115 -27341
141 29073
6645 28300
-17728 23068
6214 28398
27310 9987
-26111 -12947
-25766 -13622
27191 -10380
-28848 -4082
-18555 -22484
-22879 17987
-26481 -12171
-5608 28532
-28002 7989
-6500 28343
23890 -16642
11636 26638
-28777 4485
-21157 -20053
-28460 6174
-28515 5917
26942 -11013
-29051 -2186
24213 -16167
29066 -1229
-25437 14154
-28965 3062
-2552 -29037
-5654 28523
21422 -19726
-1475 -29111
-27096 -10728
-12898 26070
20825 -20357
13723 -25699
27585 9203
27804 8521
-19734 -21456
12192 -26462
-27469 -9731
21435 19638
-18316 -22679
259 -29146
-29129 -315
-16774 23769
25206 14491
25431 14093
-28410 -6473
-20672 20479
19724 -21428
-4698 -28769
2965 28920
-13906 -25622
4528 -28790
6425 28351
-6190 -28486
13584 -25773
-19979 -21228
22725 18131
21876 -19220
19411 -21713
-26568 -11979
2181 28990
11479 26706
21056 -20117
-23501 -17243
-6130 -28499
28668 4904
15300 -24790
-18759 -22314
16030 -24323
28973 2575
25397 14154
24479 -15760
25610 13766
-28470 6128
-5154 28617
23255 17447
-26290 -12579
28680 4834
-4037 -28869
-28711 -4961
25923 -13242
-27097 10652
6717 -28357
17608 -23203
28799 4071
-25643 13779
3790 -28897
-28430 -6384
-5121 -28697
-28761 4586
5036 -28705
13678 25649
2636 -29026
1675 -29098
2359 28976
18338 22555
-12564 -26306
-19341 -21811
22246 -18789
-9281 27561
3952 28801
-14572 -25249
-17240 23434
17075 -23599
-6277 28393
21739 19301
10294 -27259
2490 28965
-27473 9645
28154 7287
-25939 13215
-22508 -18522
5322 -28653
14665 -25172
-19867 -21333
-797 29063
-14107 -25512
-22003 19046
-22163 18860
29052 1456
28485 -5943
-833 29062
27533 -9431
29030 1838
-28734 -4824
-25273 -14518
23641 16921
26773 11345
19461 21594
-20505 20646
20711 -20473
-11630 -26732
9368 27518
22905 -17977
-27208 10366
18903 22084
20869 20238
-29068 1868
-22717 -18265
-15451 -24721
28365 -6495
26667 -11665
16051 24235
-3505 28864
-25585 -13960
6521 -28403
28561 5489
28945 -2943
-24084 -16418
3506 -28933
-26613 11805
-17362 23344
26651 11628
22558 -18412
-25442 -14219
-21599 -19576
-29088 -1608
-25285 -14497
-5053 28635
29073 -1045
-28416 6373
-29112 -1071
8486 -27877
-2793 -29015
-29096 -1453
10007 -27366
15876 -24424
-27939 8206
14137 -25473
19979 -21190
24154 -16255
25265 14388
-14378 25286
-1590 29031
12731 26132
26759 -11452
-26764 -11534
20466 20645
27736 8739
21655 19395
-27643 -9223
-1940 29010
9679 -27484
18022 22808
-14586 25167
-16860 -23782
-4680 28698
-26714 11575
537 29068
-29102 1248
-17476 -23333
-20899 -20322
-14141 25419
25112 -14727
-19982 21151
1886 29011
-20190 -21027
-4926 -28731
13818 -25648
-29127 409
25802 -13477
5689 -28582
-23966 16516
5842 -28551
-25000 -14984
-27292 -10218
29053 -1512
-26194 12704
4719 -28759
27554 -9369
-21014 -20203
5120 -28690
6534 -28400
-523 -29143
-28923 3432
-16439 24001
-26378 12319
-28645 5257
-18848 22165
14821 25006
-15233 24782
10412 27140
25592 -13873
-23148 -17715
8410 27826
20173 -21005
1042 29054
28936 -3032
21131 -20038
-24567 -15685
-27283 10168
-28795 -4443
-22964 -17953
-15510 24610
24593 -15581
26386 12216
26698 -11594
-21190 19944
17859 22936
-6064 28439
28788 -4222
10158 -27310
-2100 28999
-28808 -4357
-28573 -5706
-25713 13648
-28400 -6517
27952 -8098
25169 -14629
-5265 28597
9864 27344
25673 -13722
-13124 25957
-796 -29137
2856 28931
28982 2472
6456 28344
7765 -28087
-966 29058
