800
-19881 -22050
-28147 -9500
-21286 20885
9065 28521
28021 10497
-582 -29714
9590 -28164
28578 8856
2812 -29596
22387 19874
29777 -2558
22845 19345
-27534 -11144
-8126 28755
29336 -5654
-17603 -23910
-553 29900
29888 -538
-2089 -29642
-29642 2423
3513 -29523
-7582 -28719
-27023 12512
-29704 -1227
28201 9999
22803 -19209
18651 23417
-26970 12627
28046 -10243
29875 -999
-11391 27611
6899 -28931
29519 -4624
20884 21449
-10524 27957
-14581 26052
-28416 -8668
-6880 -28897
25073 -16162
-1182 -29694
-28250 9378
2565 -29617
26144 -14384
-9496 28327
6988 29096
-29727 -502
11241 27739
-7680 -28693
25112 -16102
-12723 -26831
-2154 29823
-29543 3455
4291 29608
-19355 -22515
5127 29477
-12818 -26786
4676 -29364
-29603 -2687
20042 22238
24838 -16519
29884 904
-29195 -5543
-20557 21608
-29175 -5647
11352 27694
19233 -22755
-29397 4556
25669 -15208
12914 27003
29612 4193
12397 -27058
-24501 16962
29792 -2386
-29522 -3445
14081 26415
28899 7735
-29485 -3745
27613 -11346
-8821 28547
11981 -27243
-27207 -11916
-25209 -15696
-27403 -11461
-5833 29314
13185 26872
-12448 27147
-28939 6929
-28965 6817
3224 -29555
-23031 -18740
-20922 21252
14532 26170
-6888 29081
22720 -19306
21163 21174
25067 16358
19434 22772
29397 -5334
19761 -22302
-22712 19311
-29570 -3018
-23815 17921
27945 -10511
-26356 -13689
25353 -15725
24947 -16355
-18890 -22906
29249 6264
-25906 -14521
26864 -13004
29720 -3130
1247 29884
-24724 16632
19851 22409
-29053 -6237
-14604 26039
21818 20498
8495 -28509
-29310 -4909
-15617 -25254
-28887 -6957
-11281 27657
29228 6363
-16864 24624
27542 11702
10117 -27981
-3493 29692
-12319 -27020
-13610 -26391
4978 29502
-28675 7964
28410 9385
-27368 -11545
17578 -24046
9454 28395
-5046 -29277
-18713 -23051
-10362 -27832
29895 4
-10641 -27726
-11315 -27457
-19710 -22204
-27823 10592
8867 -28397
-29727 704
-1424 29869
-29639 2463
10675 -27775
29098 -6756
-29340 -4728
-6946 -28881
-14241 -26055
-8730 -28389
26807 -13120
12097 27378
17962 23949
-27298 11893
-10003 -27964
9947 -28041
14174 26366
4236 -29430
-29594 2970
10927 27864
28969 -7280
-17971 23820
-1444 -29682
-23165 18760
-28472 -8486
25271 -15854
-5733 29334
26450 -13820
22294 -19793
17360 -24202
29775 2766
3487 29712
-3572 29682
5223 -29274
28632 -8492
-29227 5562
-3915 -29452
-28031 10021
29866 1413
16139 -25027
27637 -11288
28187 10039
12849 -26848
-26662 13271
28252 9853
-26057 -14248
2408 29816
-22140 19969
28491 -8948
6422 29225
6696 -28978
6839 -28945
-27946 10259
23436 18625
-2375 -29620
-29370 4730
-11602 27522
22976 19189
11099 27796
-29530 3569
-5593 -29176
29378 5623
29080 7016
9765 28290
-18152 -23495
-29295 -4998
26553 13808
-17833 23924
23130 -18817
14595 -25949
-137 -29720
-6101 29259
-26497 -13416
-26683 -13043
5868 -29154
27869 -10710
29811 -2145
24532 17152
28909 7697
577 -29717
-18228 -23436
-26175 14217
2716 29790
186 29907
12408 27239
-1685 -29669
14661 26098
-29687 1755
29651 3900
-27162 -12018
-26707 13179
906 29896
-25240 15832
21357 20978
3720 -29498
20071 -22026
1746 29860
-27465 11498
5044 -29305
-28795 -7326
2344 -29635
-11745 27461
-13314 26728
3771 29678
-1790 29848
-27921 -10142
-21758 20389
27997 -10374
29374 -5457
-24242 17334
29704 -3278
-7105 29028
-7366 -28776
-19675 -22235
22671 -19363
-4132 29608
-20227 21921
25623 15471
-29681 -1668
28580 -8664
-16569 -24638
966 29894
15826 25411
-16071 -24966
8811 28600
-17313 24306
13576 26678
3115 29752
29890 648
-28731 -7571
26894 13129
-22042 20079
-23995 -17491
7827 28883
29851 -1529
5630 29386
-26752 -12900
12733 27089
-3087 -29552
-13937 26405
22159 -19942
29843 1860
-28119 9769
-25612 15217
8218 28775
26380 14136
-28297 -9048
-25726 15022
26696 -13343
-13210 -26594
21449 20884
27616 11524
-27532 11335
-5125 -29263
26189 -14303
618 29902
29854 1658
-29690 -1505
-6293 -29032
-21420 20746
-29722 -723
29894 305
14444 -26033
12575 27163
-22093 -19837
-27272 -11768
-21137 21037
4430 29588
-29679 1885
14925 25949
23353 -18542
-287 -29719
26485 13938
-8462 28657
20764 -21380
24709 -16709
-12139 27287
-28329 -8949
-25530 -15170
-8867 -28346
-20546 -21433
19071 23076
13041 -26757
29607 -4039
-14192 26268
-29725 783
11435 27660
24060 -17623
29662 -3628
29270 -5978
-29659 2195
-19584 22501
-3925 29637
25924 -14773
9546 28364
28059 10394
-5318 -29228
-24257 17313
-16438 24912
14203 -26164
-25427 -15342
-9679 28264
16657 24874
1170 -29701
-23635 18160
16358 25071
11038 -27634
6840 29131
20960 21375
-4494 -29368
-16144 -24919
-9759 28236
29567 4503
-24645 -16565
-27118 -12116
-15802 -25138
-3961 29632
-19571 -22327
-7138 -28834
-29360 -4607
13344 26794
7223 29039
-4628 29533
29685 3627
-25788 -14727
-24318 17226
-27771 -10543
-12548 27100
24324 17447
28323 -9461
16539 24953
14791 26025
25220 -15934
15679 25501
-29719 1019
9399 28413
8257 28764
11658 27567
26053 -14546
-3493 -29506
22191 20093
-1543 29863
28502 9100
-7442 -28756
29017 7275
-10126 28105
27563 11652
29557 -4381
18293 -23512
8126 -28615
23884 -17859
-6199 29238
3052 -29573
9121 -28317
22410 -19662
24993 -16285
26064 14713
18981 23150
14709 -25885
25479 15707
862 29897
3563 -29517
8943 28559
-26114 14330
-9056 -28286
-14663 -25820
13499 26717
-19665 22430
16978 -24470
-22884 -18919
-17384 24255
-14790 -25747
17956 -23768
-9263 28405
21511 -20634
-29733 20
-23044 -18724
27038 -12642
9873 -28067
-24645 16750
-22478 19585
-24915 16343
627 -29716
670 29901
-25096 -15875
-26008 14522
23234 -18689
-14298 26210
-17646 24063
16811 24770
29725 3272
-21719 -20244
-3272 -29532
-8059 28774
5777 -29172
-29574 -2980
27155 12577
18978 -22967
7194 -28860
29445 5254
-7469 28935
918 -29709
1476 29874
8026 28829
23845 18096
-14774 25942
5476 29415
-4780 29508
-29548 -3220
29271 6160
-28239 -9224
-24035 17622
29544 4654
-26087 14379
-21651 20503
28792 8127
-18038 23769
29828 2087
-29334 4955
-9604 -28104
-28170 -9432
-2814 -29580
-3297 29715
27833 10988
-21813 -20143
-23655 -17947
-4799 -29319
29484 5028
27731 11244
19272 22908
-29271 -5137
29458 5180
16713 -24650
16481 -24805
-27718 -10680
1720 -29676
21261 21076
20917 21417
29472 -4911
29869 -1155
12299 -27102
25389 15853
6420 -29039
22478 -19585
-8206 -28546
26129 14596
231 -29721
26545 -13637
7727 -28724
-7121 29024
18284 23704
-15383 -25397
-15447 25544
17281 -24258
29856 -1432
19860 -22214
27903 10808
28386 -9273
-10819 -27657
25548 -15409
29891 598
17862 24024
-26113 -14145
-10477 -27789
-24541 -16718
28102 10275
24096 -17574
16382 -24870
-12560 -26908
25801 -14984
-4208 -29411
20480 21836
13707 -26425
-18110 23714
23626 18381
-28298 9229
-28369 -8820
-15315 25624
-8413 -28485
1470 -29689
-26629 13338
-20511 21652
7183 29049
-15037 -25603
-11826 -27240
-834 -29707
-4304 29583
19978 -22109
-20153 -21803
-29660 2181
-28059 -9755
-8497 -28460
-13967 -26204
-23226 -18498
20698 21629
-18441 -23269
10926 -27678
-5517 29377
12586 -26972
2076 29840
21007 21329
-17082 24471
19770 22480
-16261 -24843
-22273 -19634
-28224 9457
-29254 5414
2472 29811
-27685 -10765
14059 -26241
10307 -27912
29764 -2699
15372 25687
-1919 -29654
-27078 -12204
-23966 17717
28660 8584
-18072 -23557
-1324 29874
23625 -18197
29801 2458
28824 8012
-19195 -22651
-28698 -7693
20425 -21701
-17897 23876
2369 29819
-14764 -25762
-29044 6466
-20090 -21861
-29026 -6360
-29491 -3697
-16647 24772
-6551 -28974
-29615 2745
-21393 -20588
27478 -11666
-21218 -20768
-6464 29180
10091 28176
-16816 -24471
-14131 26301
-9393 -28176
25797 15177
28799 8102
-22364 -19531
27046 12812
29200 6493
-29543 -3265
18058 -23691
-29711 1239
-19215 22820
-17419 -24044
26722 -13291
-22599 19444
11834 -27307
-24888 -16197
-24381 17136
996 -29707
-2264 29815
15087 -25669
4144 29629
-29478 3984
14910 -25771
23897 18027
28269 -9619
29351 5761
16574 -24743
-2952 -29566
22068 -20042
26832 13256
27524 -11557
17374 24379
-6966 29062
-24767 -16382
-10837 -27650
24432 -17108
10418 28057
-23411 -18265
27346 -11968
-29410 -4283
28758 8247
25899 15003
3279 29735
-12643 27055
-29078 6308
28165 -9914
-20298 21854
-18937 23053
1794 -29672
-17365 -24083
11152 -27589
-8029 -28597
18474 23557
-25647 -14971
-4521 29550
6761 29149
-29663 -1949
-918 29890
6327 -29059
-26814 12958
-4037 -29435
4493 -29392
-24832 -16283
28128 -10017
18137 23817
6362 29238
5231 29459
15477 -25438
-28416 8858
-23088 18856
-26432 13729
18855 -23067
-29517 3675
-28589 8271
-29628 -2409
-27897 10392
29461 -4976
-3627 29675
-19907 22214
29434 -5128
-27880 -10254
-29557 -3138
-26535 -13341
-5033 29465
20092 -22007
9261 28458
3315 -29545
-28550 -8223
-24483 -16803
-29537 -3318
-28333 9119
2194 29832
-12182 -27082
24451 -17081
-8557 -28442
25718 15311
23512 18528
11575 27602
8516 28689
-27375 11712
-21563 20596
-29379 -4489
-20960 -21029
28435 9308
-28577 8313
27797 -10893
11339 -27513
17078 -24401
-29702 1449
-22744 -19087
21606 20721
-26253 -13885
18606 -23267
-23090 -18667
-28081 9878
8330 28743
-22849 19147
2675 -29608
25462 -15549
29165 -6462
29892 516
-28515 -8343
-11494 -27382
29743 -2913
-29662 2152
-28830 7376
-29644 -2208
9725 -28118
4726 29543
-2572 29789
-29631 -2375
-3173 29729
-24147 -17281
120 29907
-21075 21100
-29076 -6131
-29109 6161
27423 11979
13803 26561
-762 29895
-11885 27400
22566 -19485
-20713 21458
1922 29850
-19087 -22742
-10824 27841
-12784 26988
-26873 12835
21987 20317
-29714 1158
-22070 20048
29122 -6652
-2802 29767
-27200 12118
-4068 29617
-26375 13839
21226 -20925
-20253 -21710
-13674 -26358
-21602 -20369
24268 -17337
10254 28117
10723 27943
-29726 -554
-29422 4386
-20466 21695
-29248 -5264
-7323 28973
26321 -14061
-3062 29741
24781 16790
16809 -24585
-28704 7859
-27587 -11013
15069 25866
-15590 25456
28204 -9805
-28193 9550
26942 -12842
-29132 -5864
8249 -28580
23015 -18956
-27662 11012
27359 12126
26210 14450
-26246 14084
11104 27794
29073 -6860
-29393 -4397
-22388 19689
5436 -29236
-29626 2619
-24728 16626
-26581 13434
-23475 -18182
20383 -21740
28719 -8198
21069 -21082
8900 -28387
-27576 11226
27261 -12159
27903 -10621
-28889 7136
12277 27298
-17892 -23695
29668 3767
-2615 -29599
2225 -29644
-20389 21768
24539 17142
-7790 28849
24563 -16921
-3134 -29547
-18634 23301
28716 8395
5928 29328
