800
25280 -14668
27058 11146
15810 -24542
2996 29079
4159 -28864
26524 12364
19569 -21680
-23365 -17372
-27274 -10191
-28952 3206
4229 -28854
28651 -5868
-25738 13684
13693 -25776
-28075 -7720
-2438 29119
-25253 14564
7365 -28225
27336 10445
29106 2978
-18246 22769
25319 -14601
22336 18906
28942 -4223
27812 -9026
3734 28995
17890 23152
-3804 -28895
23602 -17227
-28968 3056
1712 -29106
-29027 2421
-5253 -28664
19692 -21569
-28345 -6664
28213 -7691
11414 -26856
28302 7433
-550 29220
726 -29145
5307 28752
15675 24702
-10069 -27337
-501 -29147
-15006 -24961
11174 27030
-19782 21441
-19004 22137
-18837 22280
-6429 -28421
-26117 -12868
18676 -22450
-19410 21780
23566 -17276
-16874 23809
2946 29084
-29122 -345
-23249 -17527
5970 28623
-27236 -10292
-27574 -9350
-25475 -14096
-27441 -9733
5157 28779
21456 -19824
-14341 -25350
20260 21113
12245 26564
23345 17646
-20936 -20236
-6091 -28496
-22675 -18264
3243 29053
-27352 -9980
-26646 11808
8524 27974
10082 27454
18074 23009
-15747 24573
-29110 957
26852 -11560
11395 26938
28128 -7994
7330 28308
-26852 11329
26347 -12663
-25401 -14229
-28604 -5451
-29109 -914
-28687 5072
18168 22935
28571 -6243
29243 -782
29225 1349
4452 28895
-1354 -29118
-18912 -22142
22087 -19122
-17921 23027
-26519 -12018
26761 11842
29247 698
-22502 -18477
-25193 -14594
27251 10665
3055 29073
7679 28216
-12152 26547
19403 21902
25965 13499
-28527 -5839
-19541 -21588
28456 -6744
18280 22846
11064 27075
6052 -28532
17363 -23475
-17598 23276
236 -29152
28926 4404
-15694 24607
29141 2609
-551 -29146
-27726 -8890
-26836 -11293
-4022 28939
-21712 -19400
17621 -23283
-28925 3444
-19094 22059
25907 13610
-29017 -2466
22963 -18066
25843 13731
28874 -4661
-29075 -1662
-20485 -20693
-7110 28331
10123 27439
-15357 -24746
-28923 -3387
-789 29214
-17665 23225
26072 -13217
-28441 6317
2780 29100
28291 7475
29183 -2005
27065 -11055
-5344 -28647
14611 -25270
-15226 -24827
-29123 -259
29196 1884
28665 5874
2387 29134
19845 -21429
3438 29031
-27323 -10059
-24128 16369
-12487 -26316
8347 28027
28842 -4853
-5381 -28640
13523 25939
-5960 28598
28790 5224
28644 5976
-26373 -12335
23864 -16864
8214 -27992
29215 1555
-9375 -27584
24921 -15267
-27943 -8184
24798 15539
-28772 -4486
-29099 -1183
22805 -18264
-21412 19805
-596 29219
12503 26444
-24460 15866
-22084 -18975
-21365 -19782
2521 -29049
23659 17223
28430 -6852
-18540 22529
-27716 -8921
-28619 5446
-28687 -4998
-29063 -1857
29208 1684
28992 3943
28710 -5575
25205 -14796
-28080 7776
1421 -29121
-916 -29136
6493 -28436
-24440 15897
-28183 7391
-28639 5339
-28500 -5969
-26218 12735
6304 -28478
-4458 -28800
19692 21643
-17184 -23511
3622 -28935
-21510 -19624
-12115 26564
-28704 -4900
-16329 24188
10777 -27116
18921 22319
-19157 22004
-3492 29009
-27156 -10501
12976 -26142
-1491 -29111
4379 -28832
-24804 -15246
9402 27693
-28462 6221
-23553 17190
-5960 -28524
-17912 -22960
21883 -19354
-29042 2230
3438 -28957
-4195 28914
21225 -20070
-26407 12336
22963 18140
5117 -28712
15036 25095
-5845 28622
-27593 -9294
-24791 15341
10810 -27103
8739 27908
-1453 -29113
26704 -11896
-20799 -20377
12258 -26484
5394 -28662
19465 -21773
1185 29205
12087 26636
27199 10797
-22752 -18168
19474 21839
18310 22822
-28370 6631
-9520 -27534
3197 -28984
-26928 -11072
23207 17827
-22060 19077
-23561 -17105
-28818 -4182
15437 24851
5185 -28700
-855 -29138
29211 -1556
884 -29141
-14827 -25068
28880 -4624
-24281 16140
-27477 -9631
14160 25598
13761 -25740
29253 -259
727 29219
26563 12280
22358 18880
25712 13975
-25059 14897
-11272 -26861
20400 -20904
-16215 24265
25758 13890
-28854 -3928
7503 -28189
-680 -29143
25319 14675
29112 -2844
-26953 11085
-28470 6184
-26232 -12632
-17066 23671
25605 -14096
-21376 19844
-28972 3017
11220 27011
9387 -27624
-16490 -24004
28197 7823
2107 29155
4896 28824
-26699 -11613
29150 -2431
29177 -2089
23094 17973
7642 -28152
-29118 653
26503 12409
19209 -21998
-9982 -27369
1211 -29130
-2307 -29056
-12742 -26193
-28939 3323
-16436 24115
18428 -22653
-25024 -14882
26995 11298
20285 21089
28780 -5205
14794 -25164
-1919 29159
17092 23746
-22479 -18505
25364 -14523
10657 -27163
-3804 28969
-19381 -21732
26682 -11945
2107 -29081
25676 -13967
4961 28813
8255 -27980
-20351 -20825
29071 3305
-21510 19698
29236 -1002
-23837 -16718
17533 23423
24866 -15356
-5027 -28705
985 -29138
1848 29172
-14039 -25519
16400 -24154
-17708 23192
-6026 -28510
-3426 29017
-14249 25476
-26187 12799
-26140 12895
25495 14367
-29053 2079
1332 29199
-9733 -27459
-27971 -8088
21518 -19757
26524 -12290
10995 -27029
20237 -21061
-28580 -5575
2163 29151
27532 9916
28730 5546
-29120 -475
29038 3586
-23998 16560
-2915 29074
1815 29174
-2507 29113
10716 -27140
-11681 26759
-28120 -7555
29051 3478
-2232 -29062
26428 -12494
-28777 -4454
24156 16519
-26702 11680
-3736 -28904
-6922 -28304
-29112 -817
-12635 26319
-13849 25697
17890 -23078
11576 -26787
-27402 9916
-29113 -782
-10870 -27027
17251 -23557
27460 -10040
28277 -7454
11795 -26692
26603 -12119
21312 20052
6281 28557
5458 28724
-28479 -6068
13321 -25969
8190 -27999
-25748 -13591
-20404 20847
19885 -21392
-25211 14637
28475 6738
-15413 24785
17732 -23199
-14705 -25140
-21589 -19537
28899 4579
-13734 -25685
24050 -16599
-29115 782
26673 12039
-7564 28212
28820 5055
-22829 18145
15891 24564
-25150 14742
-25970 -13162
4152 28939
-14616 -25192
2509 29124
-26380 12394
29244 820
-20798 20452
4095 28947
17842 23189
28503 -6544
27506 9988
-28594 -5503
-6865 28392
28456 6818
15979 -24433
-18653 -22361
5002 28806
-16455 -24028
-11601 26794
-24560 -15636
-23621 -17022
-11906 26659
-2391 29123
-7692 -28103
-28089 -7669
28475 -6664
5897 -28564
-11066 27021
28983 4009
28630 -5969
17071 -23687
-17844 23087
-17598 -23202
28979 4038
-26825 11393
28518 6553
-22716 -18213
1524 -29116
29082 -3132
28975 -3993
15312 -24854
-1685 29174
-27922 -8255
-23327 17497
25017 15184
29251 -414
28142 -7945
-17132 23623
-27903 8393
-13895 -25598
11655 26827
9994 27486
22285 18966
-26570 11979
577 -29148
13157 26126
-27471 9722
-28493 6076
4291 -28845
1261 29202
-4113 28926
29172 2230
-29119 -529
2049 -29085
21402 -19882
-21616 19581
9085 27798
-11227 26954
-3076 29057
-13959 -25563
-14448 25363
7851 28169
-6619 -28377
17637 23345
-15849 24507
-24884 15189
28231 7699
7048 28379
-8450 -27883
-23447 -17261
-25507 -14038
23960 -16728
1285 -29127
-23888 16719
18376 22769
-17986 22976
-18746 22357
-23947 -16560
-20308 -20867
-10390 27290
17149 23705
10386 -27267
-14158 -25453
-11397 -26808
25173 14924
-28410 6456
-7889 -28048
23936 16836
28997 3906
6646 -28401
21755 19571
-447 29222
-2319 29129
18863 -22294
19954 -21328
-6828 28401
-12390 26436
3141 -28990
-18804 -22234
28580 6276
-14795 -25087
9713 -27512
631 -29147
20192 21178
-7527 28222
-29089 1476
-22328 18761
6137 28588
29232 -1109
-28675 5140
22374 -18787
-29081 1630
29217 -1442
5970 -28549
-18878 -22171
16348 24263
-22035 19106
12640 -26305
-25171 14706
-12840 -26145
-8538 27930
-29097 1304
-26820 -11331
-11821 -26623
29065 -3284
919 -29140
-24619 -15543
-28419 6416
15136 -24961
-21074 20166
29177 2163
-7538 -28145
12392 26496
29164 2334
-11715 -26670
-28699 -4929
29065 3358
-9930 -27388
-17037 -23618
-14710 25211
26373 -12609
2218 -29073
-28667 -5111
19077 -22112
-28911 -3487
-28950 -3150
-28535 5874
26419 12587
-447 -29148
-12789 26244
11302 26977
-19489 -21635
-19869 21360
16025 -24403
24180 -16410
-24285 -16060
769 -29144
-27917 8346
25659 14072
24884 15401
-21800 19375
12765 26319
3351 -28967
447 -29150
27791 9164
19279 -21937
16884 23894
-28549 5805
-26030 -13043
23187 17853
-4540 -28787
14658 -25243
-13310 -25908
-5562 28679
26569 12267
-18455 22599
-15082 -24915
21747 -19506
-1617 -29104
-1055 29205
28080 8234
20970 -20335
-14681 25228
7465 -28199
29235 -1030
6462 28517
-25470 14179
-28862 -3869
26316 12801
10349 27355
19287 22004
29051 -3404
10123 -27365
20338 21038
-21784 -19319
-18653 22435
6212 28572
26919 11478
-29124 208
1764 29177
-19230 -21866
-28998 -2678
-25916 -13268
28626 -5988
-11681 -26685
5763 -28591
20134 21233
-8958 -27723
14322 -25434
-27088 10749
-20273 -20901
23712 -17076
-5475 28696
-7663 -28111
18974 -22200
-25301 -14406
-886 -29137
-4154 -28846
-17544 23317
-28987 -2793
2936 -29011
29220 1456
-18500 22562
-29103 1157
-17644 23241
27274 10606
13638 25879
21279 20087
5031 -28727
16604 -24015
-1798 29167
19127 -22069
6537 28500
-27262 10297
25294 -14644
29230 -1159
-22538 18507
-3856 -28888
27864 -8865
28679 -5731
18705 -22426
-11343 -26831
-11830 26693
27298 -10470
-15950 24441
26877 -11502
-28825 4208
-28705 4968
23667 -17138
3103 -28994
-11749 26729
-9688 27549
29117 -2793
-26806 11438
-28360 -6600
-25863 13445
-12967 -26082
-22308 -18711
28159 7959
27958 8640
-386 29223
27303 -10457
10005 -27408
-22149 18973
-24749 15409
-15564 -24616
24503 16000
12866 26270
-27872 8496
24077 16634
5813 -28581
-28520 -5873
-5708 -28576
-28966 -3001
8876 -27791
28954 -4141
-25849 13472
-19741 21479
1912 -29094
1583 29187
680 29220
-11518 -26756
8819 27883
21680 19654
28921 -4363
-22595 18437
27725 9362
23967 16792
14297 -25448
-6741 28422
5307 -28678
-2047 29150
22645 -18461
9733 27579
-18824 -22217
13918 -25656
-25823 13522
-25880 -13338
24766 -15516
22585 18608
10317 -27293
24106 16592
-9068 27761
7601 28237
-597 -29145
28984 -3928
15240 -24898
23512 -17349
-10758 -27072
27010 -11188
-5628 -28592
-20084 21157
29141 -2535
-23976 16592
-21957 -19122
28060 -8228
6846 28428
26958 11386
14047 -25586
25887 13648
-29123 333
-10069 27411
28863 4802
-21273 19955
-14495 25336
4818 -28763
-15453 -24686
-9275 -27618
-9413 27645
-15764 -24488
21093 20282
-25615 -13840
-17348 23464
12221 26575
27410 -10175
17855 -23105
-20238 21009
-26552 12019
15942 24531
-1155 29201
21576 -19694
-20746 20505
21495 19856
6435 -28449
24233 -16332
-28057 7859
-27534 -9467
4325 -28840
-21930 -19153
1463 -29119
-14476 -25273
11738 -26717
28103 -8081
-26334 12492
-28818 4256
-3620 28993
12661 26369
29157 2421
3342 29042
-27188 -10418
10452 27316
-14547 25306
23122 -17863
-25570 -13923
20153 21215
27950 -8592
-26146 -12809
-29079 -1592
28523 -6457
-5633 28665
