800
28671 -3740
2527 -28748
27964 -7325
5787 -28275
12574 -25986
28687 3717
25757 -13099
576 -28852
1047 -28839
27592 -8613
28171 -6490
27507 -8879
26221 -12148
13109 -25721
15402 -24421
26117 -12369
28914 -563
27554 -8733
3711 -28620
24203 -15777
28706 3565
16155 -23931
6744 -28063
28221 -6271
1867 -28798
23584 -16685
28592 4396
21796 -18954
25395 -13785
14082 -25203
28793 -2662
27354 -9337
22774 -17771
9324 -27317
28624 -4080
22278 -18387
15081 -24620
19434 -21362
27780 -7990
12718 -25916
16019 -24022
6383 -28147
27947 -7389
28911 791
24819 -14793
26178 -12240
26234 -12120
1341 -28827
13539 -25498
27547 -8755
28900 1138
28909 -765
28409 -5364
15375 -24438
22893 -17618
14997 -24671
7014 -27997
28658 3937
14532 -24947
2628 -28739
26000 -12612
25590 -13421
863 -28845
19583 -21226
19097 -21663
14959 -24694
16906 -23408
28909 865
25440 -13702
3479 -28649
27899 -7567
26890 -10593
28774 -2857
7896 -27762
17018 -23327
9647 -27205
28161 -6533
522 -28853
19148 -21618
28752 -3067
27323 -9427
5063 -28413
21482 -19308
13275 -25636
17646 -22857
15666 -24253
28615 4242
28736 3311
-156 -28857
25610 -13383
3148 -28687
28667 3870
28578 4487
14906 -24726
10898 -26730
5469 -28338
28896 1240
28910 -729
18515 -22161
3788 -28610
8942 -27444
3915 -28593
5572 -28318
28788 -2715
21454 -19339
11210 -26601
21150 -19670
15574 -24312
28548 -4576
28582 -4361
25496 -13598
24055 -16001
19779 -21044
19546 -21260
1203 -28833
5836 -28265
8771 -27499
28017 -7121
15638 -24271
27104 -10036
26690 -11085
12103 -26208
14355 -25049
28866 1824
28711 -3424
15508 -24354
4232 -28548
16924 -23395
16989 -23348
25684 -13241
28842 2179
18664 -22036
20182 -20659
15895 -24104
28829 -2248
392 -28855
26459 -11623
24263 -15685
18202 -22418
2248 -28771
22548 -18056
4978 -28428
28316 -5831
21396 -19403
16493 -23700
24000 -16083
23763 -16430
24748 -14911
463 -28854
7857 -27773
17456 -23002
2809 -28722
17820 -22722
9368 -27302
17985 -22592
28911 -691
28880 1580
28665 3885
21288 -19521
14125 -25179
14604 -24905
26973 -10381
16800 -23484
2457 -28754
20914 -19920
23680 -16549
26145 -12310
26536 -11447
28845 2138
28875 1671
19845 -20982
23168 -17256
28732 -3246
27650 -8426
13356 -25594
28912 -651
28892 -1233
15788 -24174
21643 -19128
19732 -21088
13425 -25558
28205 -6342
8440 -27602
16639 -23598
28831 -2223
4326 -28534
28548 4676
4073 -28571
24531 -15264
17937 -22630
23852 -16301
13484 -25527
28567 4557
13778 -25370
28597 -4263
27975 -7283
13890 -25309
20565 -20279
27669 -8364
19340 -21447
28912 751
5289 -28372
13633 -25448
28906 -865
6162 -28196
28920 -120
25344 -13878
28898 1190
12256 -26137
28119 -6710
25420 -13739
26403 -11749
18607 -22084
26474 -11589
28626 4166
5169 -28394
9556 -27237
26784 -10857
23363 -16992
8596 -27554
1425 -28823
14449 -24995
28634 4110
27163 -9876
28321 -5807
9536 -27244
10851 -26749
1101 -28837
26420 -11711
5918 -28248
23252 -17143
2561 -28745
28859 -1835
9779 -27158
18309 -22331
26909 -10545
23772 -16417
27332 -9401
28839 -2119
28696 3646
27018 -10264
8217 -27669
26755 -10928
24077 -15968
20006 -20829
896 -28844
15130 -24590
24927 -14611
28906 965
16226 -23883
28817 2494
11112 -26642
10348 -26947
16676 -23572
17510 -22961
28575 -4406
26651 -11178
27724 -8181
28607 4296
4682 -28478
11459 -26495
27762 -8052
28905 996
28770 2996
3265 -28674
8988 -27429
11963 -26272
28889 1399
28707 -3457
12846 -25853
4372 -28527
18716 -21992
28200 -6364
4259 -28544
28711 3524
28131 -6660
21843 -18900
27695 -8278
15099 -24609
27845 -7762
24653 -15067
25783 -13048
26440 -11666
11380 -26529
20791 -20048
28867 -1708
25219 -14103
11821 -26336
24389 -15489
25028 -14438
23618 -16637
28726 3398
28915 -513
18582 -22105
28914 662
5385 -28354
28883 1522
17202 -23192
28542 4713
4897 -28442
13203 -25673
21587 -19191
11720 -26381
626 -28851
28652 3981
28842 -2079
28918 -330
17788 -22747
28715 3491
19245 -21532
5108 -28405
11387 -26526
19174 -21595
11870 -26314
28302 -5898
27939 -7419
21992 -18727
21823 -18923
14851 -24759
24777 -14863
7538 -27861
28755 3139
28920 220
16849 -23449
5999 -28231
8476 -27591
7254 -27936
13331 -25607
28902 -984
20721 -20120
28825 2398
25271 -14010
23923 -16197
28850 2068
12392 -26073
24888 -14677
25366 -13838
16549 -23661
17552 -22929
23403 -16937
13162 -25694
28869 1775
28720 3449
27539 -8780
13036 -25758
23967 -16132
8676 -27529
25670 -13268
16257 -23862
11179 -26614
28784 -2756
19900 -20930
28616 -4135
28679 3779
21093 -19731
6917 -28021
17899 -22660
21726 -19034
28919 -244
17092 -23273
25976 -12661
28918 430
28774 2957
28371 -5560
4608 -28490
7692 -27819
21518 -19268
25918 -12779
22859 -17662
26277 -12027
6596 -28098
7775 -27796
7180 -27955
4198 -28553
28243 -6172
18918 -21819
27378 -9267
25247 -14053
28680 -3671
3601 -28634
27864 -7694
16326 -23815
26485 -11564
24675 -15031
16762 -23511
19689 -21128
28420 -5306
23476 -16836
21355 -19448
28863 1872
26710 -11037
17229 -23172
28859 1935
22655 -17922
18970 -21774
15266 -24506
28854 -1910
28844 -2052
2169 -28777
28840 2206
25633 -13339
19960 -20873
28553 4645
25821 -12973
28570 -4438
28085 -6850
4488 -28509
20956 -19876
12226 -26151
5733 -28286
22099 -18601
28831 2323
13741 -25390
928 -28843
28146 -6597
23708 -16509
1738 -28806
6643 -28087
25474 -13639
22719 -17841
28916 -460
26340 -11889
28807 2609
27918 -7497
16441 -23736
28699 3622
15714 -24222
28351 -5660
18348 -22299
24163 -15838
11071 -26659
12066 -26225
14073 -25208
21376 -19425
28447 -5161
25951 -12712
27519 -8842
14150 -25165
21178 -19640
1296 -28829
28884 -1402
3577 -28637
18150 -22460
12320 -26107
28432 -5242
2504 -28750
14657 -24874
28862 -1788
27580 -8651
26552 -11410
12474 -26034
28893 1311
2661 -28736
12142 -26190
8244 -27661
1580 -28815
9851 -27132
25306 -13947
26049 -12511
27617 -8533
28726 -3298
28676 3802
18811 -21911
28804 -2543
28328 -5773
28835 -2172
8846 -27475
28919 344
5628 -28307
5500 -28332
28913 -608
28802 2665
17260 -23149
3429 -28655
828 -28846
18298 -22340
23120 -17320
10264 -26979
8108 -27701
8077 -27710
28799 -2598
26095 -12415
7652 -27830
11652 -26411
28816 -2406
27203 -9766
17725 -22796
27056 -10164
28855 1995
23065 -17393
26310 -11955
28916 560
24410 -15456
15459 -24385
1543 -28817
28512 -4793
28824 -2310
20272 -20571
20055 -20782
28737 -3202
11510 -26473
28063 -6939
24352 -15547
28643 4046
15303 -24483
28793 2762
28779 -2807
19381 -21410
25054 -14393
9490 -27260
13603 -25464
19534 -21271
28766 -2935
2704 -28732
28150 -6580
27251 -9632
20683 -20159
11248 -26585
17307 -23114
13661 -25433
18450 -22215
22966 -17523
6510 -28118
23537 -16751
6868 -28033
21932 -18797
28917 499
28275 -6025
28910 829
28254 -6122
18853 -21875
28695 -3554
23322 -17048
7994 -27734
28336 -5734
28105 -6768
2870 -28716
9277 -27333
18410 -22248
28886 1462
26615 -11263
24462 -15374
17160 -23223
22817 -17716
26368 -11827
1687 -28809
27399 -9205
21666 -19102
27750 -8093
28882 -1441
11774 -26357
13754 -25383
18763 -21952
28908 -800
10091 -27044
10794 -26772
2900 -28713
28764 3054
5262 -28377
20635 -20208
3055 -28697
24728 -14944
20869 -19967
28796 2730
3863 -28600
22930 -17570
28900 -1038
26831 -10741
9950 -27096
9999 -27078
27993 -7214
11595 -26436
23212 -17197
28396 -5432
1973 -28791
24975 -14529
28264 -6076
7369 -27906
22745 -17808
26931 -10489
7608 -27842
28558 -4514
24600 -15153
17590 -22900
27676 -8341
28907 -833
18223 -22401
28908 900
6698 -28074
10641 -26833
10714 -26804
5202 -28388
28413 -5343
3520 -28644
1771 -28804
28752 3167
16067 -23990
959 -28842
23819 -16349
28878 1617
6235 -28180
28661 -3815
24621 -15119
28687 -3617
2969 -28706
27477 -8971
7223 -27944
5961 -28239
26629 -11230
27795 -7938
21888 -18848
24996 -14493
26019 -12573
6769 -28057
22061 -18646
26722 -11008
28561 4595
19621 -21191
28872 1724
24307 -15617
28298 -5917
28291 -5950
989 -28841
27293 -9513
21029 -19799
28917 -399
21265 -19546
7018 -27996
19467 -21332
28896 -1140
28718 -3366
27630 -8491
28902 1084
24506 -15304
23008 -17468
23424 -16908
28514 4881
307 -28856
28540 -4625
25183 -14167
16881 -23426
22335 -18318
6405 -28142
28007 -7160
28760 3092
21204 -19612
10235 -26990
28590 -4309
25715 -13181
28813 -2441
3361 -28663
5332 -28364
28461 -5084
4136 -28562
28813 2541
28904 -927
7497 -27872
16192 -23906
27117 -10001
10439 -26912
3672 -28625
28281 -5997
28886 -1362
26861 -10666
22126 -18569
28904 1026
28913 708
26961 -10412
4850 -28450
6626 -28091
22434 -18197
8394 -27616
16731 -23533
9709 -27183
14214 -25129
1250 -28831
28870 -1658
7133 -27967
7422 -27892
28785 2846
27896 -7578
9037 -27413
20145 -20695
23297 -17082
28907 933
28192 -6399
28780 2897
18376 -22276
20819 -20019
2736 -28729
13972 -25264
27045 -10193
3111 -28691
8554 -27567
6060 -28218
1652 -28811
23269 -17120
23944 -16166
28849 -1982
28729 3372
1898 -28796
28052 -6983
28875 -1571
1153 -28835
28097 -6801
19001 -21747
11890 -26305
671 -28850
20975 -19856
10575 -26859
28390 -5463
25089 -14332
19863 -20965
22494 -18123
6116 -28206
24872 -14704
25153 -14220
17407 -23039
12769 -25891
28603 -4223
11326 -26552
9909 -27111
28852 -1939
25553 -13491
2311 -28766
22624 -17961
28877 -1535
26947 -10448
27821 -7847
22229 -18446
28915 614
8625 -27545
28898 -1090
28649 -3903
21553 -19229
15237 -24524
2031 -28787
2101 -28782
792 -28847
16516 -23684
16364 -23789
18019 -22565
20757 -20083
9403 -27290
2361 -28762
28699 -3522
4002 -28581
714 -28849
27145 -9925
24574 -15195
21333 -19472
182 -28857
8132 -27694
15811 -24159
28473 -5017
24138 -15876
12673 -25938
28872 -1624
10064 -27054
22979 -17506
28879 -1498
6352 -28154
20341 -20503
10969 -26701
20113 -20726
28835 2272
5870 -28258
18260 -22371
2998 -28703
9630 -27211
3309 -28669
15945 -24071
14735 -24828
22163 -18525
28895 1264
1465 -28821
17179 -23209
26506 -11516
28889 -1299
28506 -4828
14283 -25090
10529 -26877
20221 -20621
28895 -1164
18736 -21975
28491 -4915
4437 -28517
28636 -3996
28758 -3011
27852 -7737
26808 -10798
23878 -16263
14804 -24787
28028 -7078
27226 -9702
4558 -28498
13824 -25345
27701 -8258
23344 -17018
18109 -22493
