800
-3297 29245
-24625 -16162
-40 29426
27294 10891
17155 23878
19606 -21900
-28651 6867
-24659 16116
16240 -24505
-20784 20869
25991 -13711
26503 12698
27993 -8933
-7859 -28362
21621 -19908
708 29416
18184 23102
27835 9418
-29221 3769
24374 16424
19849 -21679
29374 -706
-22779 18675
25100 15290
18731 -22654
-29462 -284
-16009 -24709
-25314 15067
-17278 23847
-6001 -28810
23387 17803
9163 -27943
8676 -28099
-26401 -13066
-5480 -28913
16830 24108
-10767 27400
9471 -27840
1045 29406
27038 -11505
-28353 -8000
-29320 2893
-26835 -12151
28456 7329
17628 -23523
-16886 -24120
-9596 27831
29050 4416
27248 11006
-28706 6633
8150 28262
-10265 27592
27467 10447
-11382 -27146
12849 26452
-7186 28545
1190 29400
22145 19330
3070 -29255
28342 -7753
28008 8890
14104 -25797
23663 -17428
21262 20298
22699 18675
13801 25966
15430 -25024
-24454 16424
-27831 -9658
-28604 7059
12200 26759
23018 -18273
-10421 27533
4267 29109
20704 20869
-19852 21755
24144 16760
11295 27154
-23595 17634
-16431 -24431
19867 21668
-1914 -29359
22605 -18782
24866 15667
10929 -27298
-29333 -2759
-22409 19116
-9056 -28004
27456 -10469
-14308 25735
-29423 1537
17698 23478
22781 18574
-5176 -28968
-19028 -22472
29240 2893
-29353 -2532
-17974 23328
-24085 16959
-7672 28418
-28764 -6373
-15842 24822
20078 -21466
-9516 27858
11485 27074
29377 -580
18416 22917
-8919 28054
-20158 -21466
19084 -22357
-8523 28176
20182 -21369
-11604 -27052
-18451 22953
29311 2056
-17447 23724
23078 18203
-29446 -992
-9722 -27781
-19435 22128
-26262 13349
-7878 28362
27869 9317
-26700 -12443
28480 7235
12496 26621
24980 15485
-11069 27280
-28469 -7578
-8496 -28178
-25422 14884
-28894 -5756
-17607 23606
-29174 4116
-29145 -4312
-11231 -27208
-22976 18432
-29372 -2314
-2889 -29282
21817 19700
-1125 29406
13593 -26071
-2551 -29312
-23309 18009
-24224 16760
19749 21776
14890 -25350
29065 -4312
-25942 -13953
-23605 -17614
-24998 -15579
-3693 29198
25953 13788
28524 7059
-13928 -25936
27351 10746
-25862 14105
-15445 25071
29365 1016
29314 -2006
-5248 28961
26360 -12987
29342 1556
28868 5481
-16493 -24389
16956 -24014
5808 -28833
13322 -26210
-29457 584
-16454 24422
24752 15848
-19126 22395
-22146 -19414
23419 17761
-10705 -27419
8443 28176
28273 -8000
-23158 18203
-17367 -23777
12402 -26660
9307 -27895
28605 6724
-840 -29409
-21688 19930
19220 -22240
-10854 -27360
-26256 -13354
-29130 4416
-27355 -10933
28990 4794
17106 23913
-20814 20839
11352 -27125
25909 -13865
27855 -9354
-28996 5220
7106 28545
27759 9643
-16662 24280
-25175 -15291
27621 -10026
14256 -25713
24579 16116
27004 11592
-20476 -21165
-1806 29373
-21359 20280
-6890 -28611
26933 11757
27551 10223
25095 -15291
11751 26960
27506 -10337
3578 -29196
-19686 -21900
-5476 28919
28875 -5439
-29371 2330
-28088 8890
-3046 29272
29378 534
-21826 -19772
-25475 -14787
4740 -29029
-28046 -9017
-29337 2714
-27013 11757
-17523 -23661
29291 2330
9720 27759
-2134 -29345
-8230 28262
-27631 10223
-18060 23262
-27949 9317
-25180 15290
278 29424
-4082 -29140
-26755 12333
-27200 -11309
-28231 -8421
4860 29014
8948 -28013
16582 24280
29002 4720
10989 27280
-17708 -23523
-18609 22826
15876 24749
18948 -22472
25157 -15188
-28073 -8933
-2552 29319
-23568 -17663
-21048 20602
10341 27533
6878 28601
2389 -29319
-17287 -23835
24046 -16895
18058 -23195
17207 -23835
-15510 -25024
-1058 29408
21608 19930
-28955 -5439
21845 19669
-29463 72
1834 -29359
23134 18132
-2427 29329
-23499 17761
6382 28716
22285 -19161
24262 -16583
-17006 24041
7779 -28362
-17876 -23397
21248 -20307
-23467 17803
-18988 22512
7962 28316
-11831 26960
2472 29319
16608 -24256
-4010 -29150
24820 -15734
-29156 4240
-23214 18132
-14565 25590
14783 -25413
-21642 -19972
-20982 20669
-27915 9418
-25691 -14408
15639 24900
-17778 23478
29383 -72
28219 8196
24005 16959
28571 6867
3718 -29179
25658 -14324
-29425 -1490
28329 -7800
27966 -9017
11982 26858
24433 -16330
-21932 -19655
13405 26174
14570 25542
17443 -23661
-28134 -8741
-26071 -13711
23229 18009
-24126 -16895
25782 14105
2116 29346
-29394 -2006
11302 -27146
-7530 28456
3613 29198
-21226 20419
29160 -3610
29309 -2078
162 -29419
5168 28961
9436 27858
11592 -27023
-18874 -22602
-7163 -28545
19772 21755
-12062 26858
-26995 -11792
9642 -27781
1984 -29350
4776 -29023
29253 -2759
5400 -28913
24299 -16529
-22861 18574
20396 -21165
9160 27950
-19731 21865
-19164 -22357
21279 20280
5096 -28968
29239 -2898
22507 18906
-27464 -10657
12970 26393
27647 -9954
23836 17197
23320 -17885
-28168 8633
24164 -16726
28180 8329
29370 873
28446 -7362
-14802 25454
-28454 -7634
12931 -26406
4002 -29140
-22261 -19282
16351 -24431
18692 22692
6775 28626
5740 28853
601 -29413
18466 -22870
-11772 26986
-24379 -16529
-28712 -6602
-16910 24108
26620 -12443
11793 -26935
-22587 18906
-28585 -7129
-27877 -9526
25342 14884
-5820 28853
-25953 13938
6354 -28717
25065 -15340
-26583 12698
-2469 -29319
23595 17526
27665 9910
20533 21037
-29331 2780
26743 -12177
29039 -4483
20991 -20573
29178 3467
-27536 -10469
-28526 -7362
12843 -26449
28351 7726
28754 -6047
-27745 9910
-9387 -27895
-6958 28601
10791 27360
28151 -8421
23364 -17827
-27727 -9954
-27547 10447
24918 -15579
-29258 3467
25438 14719
26915 -11792
-18220 23137
14461 -25598
-19829 21776
-12280 26759
26239 13237
-28262 -8316
-29152 -4264
25395 -14787
8233 -28233
2347 29329
11900 -26888
-25664 14463
3994 29148
17989 23255
-8756 -28099
-12025 -26868
-18264 23102
13301 26227
28029 8823
26182 13349
8088 28280
20547 -21017
28632 -6602
-25295 15099
-16320 -24505
-15956 24749
-21897 19700
-13050 26393
29377 584
-29457 -580
-3891 29173
-12482 -26660
-29445 1016
-13881 25966
-12929 26452
-19300 -22240
19079 22367
-26823 -12177
28054 -8741
16125 -24581
-29194 -3961
11151 -27208
-2196 29346
-11565 27074
-18178 -23164
-22685 -18782
28296 7925
-27374 10891
-16763 24210
-27340 -10970
15577 24939
-24761 -15952
-29224 -3733
19490 22009
-5888 -28833
-16825 24167
-8042 28316
18908 22512
4466 29079
28998 -4735
2756 -29287
28626 6633
-11873 -26935
-15719 24900
14485 25590
-29463 -72
28108 8567
14228 25735
-12722 26552
15365 25071
-26440 -12987
11692 26986
-26941 11922
2054 -29345
9516 27831
-23813 17338
-19372 22183
-29319 -2898
27120 -11309
27275 -10933
21923 19581
-23039 18353
-24140 16881
29303 2172
29141 3769
-25518 14719
-27839 9643
17287 -23777
28850 -5571
21562 -19972
-16205 -24581
760 -29409
23488 -17663
-22785 -18661
-28635 -6928
17198 23847
29251 2780
10404 -27504
-29431 -1357
-6462 28716
-18546 -22870
-29056 4878
-26067 13724
-14048 25877
25467 -14662
4395 -29084
29351 -1357
-17235 23878
28684 -6373
-21701 -19908
24205 16672
-22365 -19161
21957 -19537
21146 20419
-18496 22917
19775 -21747
29273 -2532
-13192 -26317
-430 -29417
5396 28919
-24244 -16726
-28685 6724
16926 24041
27797 -9526
4645 29050
-20262 -21369
12567 -26582
-6283 -28750
29144 -3733
19046 22395
-15820 -24830
-27084 11592
-29070 4794
-13011 -26406
20734 20839
-24513 -16330
20053 21495
21746 -19772
8726 28090
-12923 -26449
22959 18353
25611 -14408
-4074 29148
-26425 13023
29381 295
-17036 -24014
3202 -29240
26321 -13066
-27431 10746
-25747 14315
1903 29361
-6731 28655
-14184 -25797
-26599 -12657
-19159 22367
-21925 19669
-2836 -29287
26861 11922
-29383 2172
-22225 19330
16745 24167
20902 20669
-4685 -29051
9538 -27817
-28767 6366
-3282 -29240
10774 -27360
17894 23328
-28888 5788
22420 -19002
-14844 -25424
-3150 -29255
-29450 873
15762 24822
-23400 -17885
17796 -23397
-28536 7329
16413 -24389
-26841 12144
27751 -9658
29320 1924
27982 8972
-27328 11006
-1258 -29395
7704 28388
21852 -19655
29382 192
25234 15067
-1776 -29367
-23743 -17428
-9551 -27840
24545 -16162
-13402 -26210
-23067 -18312
23849 -17173
24700 15929
17980 23262
17078 -23927
-28376 7925
18582 22783
10059 -27632
28505 -7129
13531 26109
22896 18432
25862 -13953
-28560 7235
-28188 8567
17527 23606
-29461 295
22987 -18312
-29429 1413
-29375 -2276
-29412 -1727
-24946 15667
-4725 29050
24275 16570
23239 -17991
21199 -20358
-28062 8972
-13103 -26361
-29288 3204
28389 -7578
28976 4878
25873 13938
29094 4116
2809 -29282
-4347 29109
25987 13724
-19970 -21641
-23444 -17827
-29024 -5063
-2923 29284
2966 29272
-14336 -25713
-11432 -27125
-11009 -27298
-14970 -25350
-20133 21495
29257 2714
6651 28655
-23098 -18273
25288 -14969
-27118 -11505
-28930 -5571
29332 -1727
27384 -10657
24060 16881
21525 -20012
4605 -29051
10625 -27419
29205 3231
17778 23417
29292 -2314
7798 28362
447 29422
3764 29179
24039 -16905
7083 -28545
-20309 21330
3930 -29150
25215 15099
28374 -7634
3217 29245
-681 -29413
-8313 -28233
-3798 -29179
-7478 -28464
-24285 16672
-4820 -29029
-15657 24939
-12406 -26695
7398 -28464
-18138 -23195
8976 -28004
-6855 28626
29370 -863
-28431 7726
-20613 21037
-29119 -4483
-4475 -29084
-25738 -14324
-29462 192
-9240 27950
-22500 -19002
22181 -19282
-28409 -7800
18140 23137
-21605 -20012
-23916 17197
-24342 -16583
15597 -24920
-21342 20298
-13381 26227
11524 -27052
25584 14463
7450 28456
-29240 -3610
-242 -29419
29295 -2276
27909 -9191
-7668 -28414
-20627 -21017
23721 -17349
16161 24564
14722 25454
1696 -29367
29382 -284
28814 -5756
29114 -3961
18098 -23164
-788 29416
-12647 -26582
29208 3204
17367 23724
-25368 -14969
28088 8633
978 29408
-4856 -29023
15078 25245
29349 1413
-25593 -14582
1726 29373
-19855 -21747
22329 19116
-7784 28388
26755 -12151
-13485 26174
-16241 24564
22705 -18661
2471 -29312
-27701 -10026
-8806 28090
28687 6366
-24780 15929
-28260 8329
25513 -14582
13071 26343
18794 -22602
15929 -24709
16683 24210
-13253 26292
-10484 -27504
20229 21330
-8168 28280
-1589 29385
-10139 -27632
-19929 -21679
-1549 29387
23733 17338
6810 -28611
26176 -13354
18529 22826
13173 26292
-20828 -20819
-3559 -29208
7592 28418
24681 -15952
-26319 13237
-10871 27360
20968 20602
-25899 -14033
-12576 26621
-18069 23255
-27935 -9354
22496 -18912
-29400 1924
19355 22128
-25145 -15340
11945 -26868
16374 24422
-23675 17526
-26 -29420
-16688 -24256
-2064 -29350
16806 -24120
-18662 22783
29345 -1490
-28837 6039
-6219 28770
25667 14315
29072 -4264
19890 -21641
25819 -14033
350 -29417
-19570 22009
-14650 25542
29343 1537
-19947 21668
22066 -19414
