1500
-29962 10406
-10480 7095
11868 26182
-28692 -17905
-5294 -4585
14577 -360
12539 6583
10413 13869
-28295 -1958
20929 20077
4484 3186
13634 -14710
3761 1898
10821 9106
-5734 -1794
-26733 -26569
-12809 -21955
-8475 15314
-18054 -695
-2544 -23271
28763 23838
-21184 -20880
6454 5567
-12700 -9232
-20709 -2893
352 -17267
7055 17652
15166 22902
-27261 489
-15759 19003
27888 -8617
3464 12493
11006 1865
-23352 20278
-12685 -18371
17349 13160
-15640 -25284
16842 26433
29336 -22723
20435 -29574
-21327 20569
18315 982
-7047 -6550
-23527 -25407
3017 -6339
24882 -15726
-14354 -2401
-15735 26583
24259 18134
9643 8332
-10605 -2380
12971 4696
-14379 7155
-10772 12513
903 9986
-8032 15736
24170 -20225
-23643 23345
-6285 -14389
13674 178
-10227 -14060
3115 -19887
25063 -16882
6025 15854
-293 -13005
-22277 15169
28273 -22388
470 7479
-18882 -319
-26317 4366
-24328 28356
26746 -5405
-667 19525
-27877 -19488
-27095 -6451
15336 -22676
922 12986
3580 -23635
-14247 1975
-3835 -22099
-26108 -9570
26246 10020
-29400 -26200
-24190 -22755
-1899 10908
5466 8241
-16594 -1918
19717 -7839
-1265 -5937
-20143 11054
18803 -17035
23630 -3896
-22555 -17214
-13474 3090
20480 -12239
26924 25466
25712 10568
1990 -19775
-27561 -19454
2307 5165
21058 -24207
19253 -8147
9157 27121
22632 -4806
16480 -15204
-15879 18990
-2091 -12473
-3701 -6903
-9098 -18942
-14805 29892
-5849 26820
-15900 -4054
19195 -8574
25012 18230
10694 11788
-3175 27766
-10131 -10453
26145 -6197
11214 20306
-16364 -2943
-16368 -21605
6569 29493
2422 21831
22018 -6019
-18855 -4291
-23949 -28001
29156 11219
5248 -12253
3410 -25632
-4147 -14213
-15703 -5262
-9801 -22311
-5161 -6002
-18557 -24147
7976 -21621
-5458 25545
25628 -24706
-18241 15556
-13350 -25762
9802 -10613
-27308 20575
13067 -1915
3105 23392
-6731 22250
-29967 -26579
-7078 -20979
14331 -5180
9687 -11422
19451 10174
-25812 -2860
-29213 -3593
20175 19750
13792 29809
23924 -24984
-5146 -24677
-9209 -16906
-3015 -15385
19105 -23013
25248 -2797
11032 -9984
-3726 13413
4691 -27847
12592 -16886
-26416 -27700
9841 291
-6993 16833
-10077 4930
-27408 -5810
14076 -26212
-5492 17375
14980 -1697
2503 17969
8227 -6855
12654 -25172
-25176 14899
-25596 3722
-29836 -25010
4034 7473
-20869 12558
-7608 9631
12598 2437
20133 -14052
11180 -15399
9354 -15266
29646 -23614
7634 -14953
3579 -8289
-23384 6267
-10410 27164
10941 28109
19333 -15057
24740 29926
27486 17714
6680 18304
-17804 -11142
-28160 6203
5453 -682
-12365 5538
18338 6532
-717 13682
14997 -25378
-20053 14184
1614 11944
-8583 26942
-25436 10258
-5777 -20244
18237 25252
28501 13650
-15180 -12360
12622 17087
17267 27477
-21882 28435
9646 -26159
-17358 -8754
17079 -22694
-3682 1923
-24948 25990
-8599 16488
-5926 21246
-25133 -11639
-1938 -4436
-6665 -12474
8348 1399
17830 27960
29880 -1411
3745 -23717
-24424 19630
7861 -3323
-13808 -19502
-7046 16912
28208 11958
23189 -17451
7420 -1128
26682 -533
796 -12504
956 5018
-16473 -3330
-4207 -19341
16504 21845
-25485 -10646
-15200 -23018
16404 -4951
-15262 15152
-7273 29631
17802 -7988
-884 15696
-9336 24446
10280 19227
6005 -6608
-839 -6344
7082 -20431
-2135 -5420
4674 -20444
-28672 202
13172 -25075
7807 -15161
-27491 -19383
24931 -14177
16294 -19111
11661 20067
-29384 -22628
7997 20177
-21499 22432
21356 -22560
-59 598
-18098 -24714
23810 22635
-12122 -13909
-2620 7056
13026 14970
-19800 -15785
-433 -18220
11556 27962
-20470 27806
1410 24000
-13931 15130
13535 14874
-20046 8552
13985 -29135
19499 -27508
-29607 19723
-17483 -26582
319 -29909
13454 -15070
-21301 -25123
-7314 -3164
28850 -27048
-8735 -15405
-21554 -29235
11180 28960
25751 -25181
21531 -15561
-29215 20520
-22823 29444
-9676 -25119
4963 365
-18379 -26744
-3252 29538
590 6225
3274 -4903
-9456 20788
-20869 -2004
6140 8442
5663 1440
-29132 22567
-23387 12266
22683 -21506
-24286 -13531
29790 13540
-10835 24585
25362 22694
-19952 -18874
28608 8385
15948 27660
-26912 -12758
12457 16898
-28012 21002
-12824 -13391
-10563 5475
-24665 -4821
3220 8546
15836 -1372
27444 23652
-348 26996
-17354 -18654
4832 2167
-5397 19211
26990 -24846
-27199 -10539
-25749 20052
3537 1562
-16670 7673
-17046 -11703
-25073 23810
-11698 27652
-3652 1995
-22013 25472
15702 -13765
29544 -27292
13965 -4028
-19922 -4384
-14527 -3887
-3889 -24622
-10406 -21358
-28619 11147
16087 -24268
5041 11069
-3869 -13030
-19775 -7750
-24866 13448
-24688 9948
5271 -11217
-25489 -12213
27641 -9390
16500 25968
28503 1992
-13261 22784
28874 -28062
-11600 -16924
-22446 -3444
23765 12754
27107 10098
28990 6483
10287 -5613
29719 28822
16209 -325
-1426 2788
8583 15973
13172 -438
12153 5545
2784 -13402
-27986 -12242
-21146 9363
-29793 -19802
7924 -27329
-3528 -12158
26670 -229
-26303 -3028
-10280 11055
-24827 -12028
-5202 15659
-29264 -6232
25969 -24503
579 14396
10796 12964
-849 -17031
14442 24726
-1469 1495
13125 -1894
23865 -25959
-3713 17211
-25270 14171
-25868 -9937
14631 -26567
17440 29551
-23077 16714
10805 -10205
18655 -18100
-29117 -9816
-18704 11548
-17004 -22524
-1015 -15492
20861 16944
3883 -29133
9336 -4722
-14514 -3501
-12080 -4716
8069 -1350
24579 26560
1677 -23211
20787 -5621
-17515 19538
-29864 -28693
-14222 -25422
-25898 -6564
2467 -24723
14899 11042
-7972 3858
12478 17829
16225 8408
8061 10492
29730 9961
-15179 8953
-27071 -2471
-9586 -25589
7103 -24836
3710 9214
-18236 28749
-5490 729
23861 -24231
29871 -12222
-14471 -2865
7655 5268
-21022 -25613
22466 8562
4377 -1216
19241 7375
-20018 -16194
-6853 17703
-8933 13544
5625 -24268
1783 2138
23431 -9437
-28987 19868
27064 10893
28683 -4642
-18161 -19882
27036 6755
-22837 16100
-14154 -9473
15891 13828
-4947 866
7612 4276
-27655 -1808
16000 -23009
-25578 -25460
-24633 -20645
17279 -18273
-8531 5445
9386 9061
-496 2194
-28005 5096
12132 -9717
10482 2491
-6928 15093
-25548 -18181
20844 6306
27914 -20947
27025 -843
-29700 -2250
27356 4225
-28771 -12459
1437 -14428
-29053 -23881
-230 -29024
18907 26991
17739 -1763
12010 -1036
18168 2954
20995 -12650
-8061 20403
25076 -17211
558 -2482
-29826 1786
15447 13835
26368 -16510
-6374 15753
15086 19348
8759 -7214
4910 26536
14120 -27916
11493 -15158
18918 -1788
-24040 -2528
-19508 -22307
1034 -13557
-15208 -12197
13594 3042
9407 -10161
10467 21834
2175 -22313
5437 15406
15973 -13510
-5213 -19316
-11928 1812
-19607 -28342
14221 -29726
28812 -27056
24818 -16935
-2994 29283
8143 -18707
-28241 -13352
-5286 15530
-15968 -24276
19712 12294
12369 -3567
-6568 -27410
-4308 -19326
-25872 29803
24322 -12655
6522 -1992
-14207 2234
13005 -10710
-16313 24321
17253 16118
-24942 -18423
-114 9342
15701 701
3591 -4697
12425 5111
-29149 24392
-24932 -2346
16941 25507
-8821 11452
-12969 543
-6853 5450
-29528 10363
-20021 -423
-2820 14692
-9272 15625
-10677 22943
9726 29852
-413 13934
-18443 1647
-20072 -27253
18692 28497
22985 15079
5423 -804
2382 5211
3458 -24126
26708 21444
22632 -19532
-15957 -21327
-10977 11961
-27482 -4220
-5613 -12574
18784 -42
9095 10939
4723 -16427
13627 1576
7224 8205
-17997 15553
-9282 279
-20919 2031
-8371 29068
9851 -5878
28709 9860
9181 10979
14965 22371
-28174 -6682
-7700 27889
3662 -859
575 -27855
-26988 -25869
-29731 -5199
-8512 -28402
-2239 29615
-24643 -18151
-24587 17981
-860 -18992
11303 -18273
-27046 3760
-4573 -14071
-29233 15749
-28563 -28171
21265 -27517
-10743 -2677
7994 5693
16155 -13196
-24328 17901
25091 22514
-12615 4714
-18733 -10318
-17819 1515
17113 -23130
21037 -5265
2171 17170
29 29790
-27258 -5769
-25712 16390
21486 28318
-24217 18767
29495 13501
-9532 -3741
-17445 -25181
23331 -12436
-23373 8894
-19666 -29556
-10064 -27058
-27672 23862
14707 14296
8505 29710
-890 28962
945 6458
11357 20173
-14814 -10983
13123 9075
6026 -11203
2100 2312
-27653 14977
24983 22182
16120 -22359
7549 -18395
-5812 28017
20455 29140
8470 25675
-15465 -6381
28025 -6168
-13787 25316
-15747 14735
-20983 4655
26328 -3997
17834 26432
13404 5051
102 1914
21206 -3397
28367 -29050
-3433 16434
18522 22993
13040 -1767
5499 3741
-28669 5826
-28193 -14069
-25877 18459
-28954 22563
10618 9546
5458 24518
-18341 28839
-10275 -25742
-26114 29605
17655 6510
6828 -22420
20997 2332
-19560 -10399
22080 29023
-8268 -20890
14422 15750
-8690 -16232
-7443 22187
4964 -29818
-1936 27567
5 -15025
-28819 -27490
14663 5294
-19642 4014
9298 11983
22888 -17505
-29134 -24366
-28190 2635
-21142 27244
-13098 14812
11488 10598
27735 -15456
-21212 -11532
-1216 -2058
5408 -528
-12273 26821
9809 -25798
21994 -22055
-25064 -25797
-26134 8142
-10929 21544
10625 26477
21547 6472
25303 -7021
5972 7746
10301 -4893
29891 -24801
9143 27670
-13858 24920
-2328 1003
29998 -24149
-14576 -15239
22986 27677
24550 8800
-22035 5930
-11319 -2176
7776 24705
29496 -22443
-3550 27436
-3039 -22981
29963 -27202
15840 23221
-28542 14970
-29668 29233
-8609 14550
-16524 -17724
-28688 -21267
-27443 -1529
8408 4852
-27377 -4218
-18585 -3691
-27791 -12284
7083 19406
10621 -8457
6233 9320
-2426 -2410
15108 5386
-11485 21729
3932 23913
29857 29199
23010 -7691
-2374 -10784
-6760 10455
-295 12685
21891 -16952
5294 -16116
3718 26757
-5972 26800
22462 -1595
20361 -8175
-17351 -13262
-16742 1342
-8094 -12004
-4302 -25946
22495 -9506
25070 -17507
8053 28435
2838 -5006
-26575 2855
27472 22312
-1619 -5215
-22540 10144
20077 15650
-15122 15387
1678 -20400
27997 -19809
14818 643
-19373 -24717
11629 13775
-7280 -8880
-26569 -4170
24948 -9631
29437 5131
14809 -9766
-21153 23121
7733 25636
-5976 -3909
-23218 4765
14716 23615
-11770 -13195
-26553 17660
-4079 -19963
27050 18798
-15352 7423
-29888 25798
2252 19794
1651 14755
21734 22924
24205 8031
-4220 23083
-3248 -10575
1350 -18409
-11652 28346
17437 23646
-1105 -4106
-5975 -20669
23906 15033
17341 -2351
-18279 15431
1411 -14927
-24357 28614
3323 9624
-19421 23482
-7044 -24625
-2128 -27070
-16698 -9597
16890 -22058
14515 3584
6343 21793
-24005 -24173
7896 -5276
4191 -27679
10337 7441
9534 22558
-15774 25091
13667 25478
-46 -2889
-13991 -20238
22881 16465
23300 2070
-7116 -7499
-14153 -5973
-3239 -25723
-1535 -15611
-19237 -399
19218 11008
25180 -7541
6745 10191
15800 -15202
24672 -10414
11065 15358
24454 -25539
21059 12112
-23393 10936
-4516 -27862
7202 -25620
17369 -17201
11960 1340
3675 26592
17198 11389
-8702 -12820
-14677 -15948
-13906 -15476
13007 13109
6704 -25416
24193 -28523
23086 18278
19762 -9939
-16021 -29839
12850 28958
-717 -14794
23678 11253
-4275 -23392
1937 -22562
-25728 16051
-27952 4747
-10726 13494
-23797 -19354
-22513 7354
14492 20875
-2333 28081
-24649 -12186
11057 22441
6067 24696
-4752 -10392
-4286 -19495
-25396 -6728
-22118 -12318
-11753 5193
-20719 -5934
-29408 26661
18172 -26495
-26262 24488
-29246 -6165
4123 -26584
-20195 10177
18056 -28724
-29258 15337
27672 15593
-12633 -24235
-10298 -10142
14502 -29397
11038 -27725
12895 -25980
-88 21446
26755 -22896
-6090 -1919
2726 -17827
-29424 -26920
-25665 -4908
6572 6598
15093 -18108
8101 -1239
-19559 28753
-3977 21226
29967 -25280
6006 -22847
-20163 -24472
-1403 -7481
21777 -27807
9947 24156
20235 -16376
-25157 -29828
-24582 -26268
-23770 -23304
14249 -16688
989 26892
11870 -25320
-19085 20127
-25694 12944
-29547 9496
11543 23914
17750 -8598
6792 17292
-9161 -25276
27684 -1749
-15972 -10114
-24901 755
-2372 20354
-24915 -15435
2247 27914
23909 841
-2636 -7073
20267 28130
-14331 -5610
27680 17263
-22756 7131
25882 24163
14157 -16198
13278 -11284
2855 22662
24284 -16501
25723 -6270
8122 -9452
-17636 -11936
-12355 -4627
23559 27284
25107 -14419
13937 -12856
22689 -5108
27280 -5096
19300 29782
-11572 25391
-20342 -17362
16320 27030
26102 -14939
-23190 14098
20983 -5451
23990 -10929
-22461 -28480
-3025 -7507
24229 11391
25259 -15278
26347 -7907
29095 -1993
-25552 20047
-650 -16115
-24961 -1627
17132 17931
26225 13934
12082 14118
17494 4163
13777 22894
-1737 13415
19907 7546
18179 -24275
-16289 6020
15539 -14065
5645 -29220
-25645 -6312
-20440 -12643
-22912 13548
5012 2261
20900 20321
23729 -21542
28253 -7490
-26824 17700
-356 23155
-27501 -22491
-24301 21840
-25704 17565
-14823 -12292
28697 -12684
25080 11841
24237 11367
-18955 -29886
23830 -15174
-18609 -7089
-5538 26431
-19734 -3135
-15784 -27911
-24623 -6315
18144 27471
24003 13075
2606 3486
-10329 28718
14679 4254
3172 5707
10019 -18890
23490 7075
18022 29710
27020 -4833
-186 -19500
-22514 340
-4478 -5198
22192 -14531
18241 8967
-16649 27813
-8372 -15042
11073 8295
20650 19886
24820 21455
28700 -17851
-4795 4612
-29562 -27186
6348 -6419
-11130 -27811
9734 29883
24787 -5502
11737 13432
-26056 15729
-23194 -25001
-20037 -28797
18729 -10805
14854 17183
-26766 21442
7333 20636
-23843 -5395
24630 -16526
-54 -7887
12123 -23884
-3631 -12128
27928 -19106
29178 3240
-19085 -14271
-16273 9209
-20009 -28237
-12433 -16965
-4404 -21343
-21835 -22839
-9743 -24010
-1764 3670
28612 -7473
-8835 -9335
21855 3222
-562 5461
23387 -7035
25826 -5132
10130 403
-23753 -11800
-21929 10399
28134 -2909
9728 3908
28768 -22975
-1806 10549
-2594 19590
-5701 5941
2895 -27561
24431 21793
11479 -14796
3578 29719
954 14965
-10347 21959
20584 7118
26413 20595
-26016 14212
-24835 -20667
17915 21119
23681 -139
-11948 23502
-1536 28431
9467 -29156
16339 19896
-17460 20100
-14050 -9215
2718 2871
-20977 -22554
13416 15559
-16255 -27841
23456 -9791
-14758 -21714
-23414 25046
-25409 -5439
9989 11596
-991 -3599
5657 7557
-18437 -16957
19087 -14348
-2258 -4860
-17236 -25817
-22766 -23266
-13193 27242
-11542 -17236
-9650 -3434
-2544 -28206
3170 24088
-2596 -21034
-1071 -5350
-24961 6123
-17530 -3551
-29877 -24934
4489 -12833
-3764 -28758
16984 21863
23591 -13751
-26529 11512
-10707 -23175
6760 -9860
11630 -29819
1331 -29829
7414 147
-19406 27029
12606 -16535
-11082 26615
-25935 19308
-18803 -18670
17093 -21699
-24374 -8297
-1946 -27804
14863 -24372
-8491 -19942
25063 27320
-21237 17304
-29357 3340
20952 -21921
-11743 -9963
10453 -16344
2118 9223
5780 28054
-15398 2797
-11400 6891
-2320 19929
-9219 -26218
11959 27961
-10736 -20558
14097 27593
-26918 16819
25691 866
29810 -12959
23598 17855
9142 19592
-13335 12154
-4351 18627
-2095 -20868
8001 -3745
1339 22350
-7061 -24062
-17426 24546
2632 25037
-3794 8849
2031 9062
-4057 19035
-9563 5276
-15620 -12961
-25192 -3348
-17744 17783
5324 -20237
25162 9041
-13727 9860
11851 -11370
25294 29722
-4313 26113
7949 -27881
26324 7771
25493 -4017
1795 6375
-4734 -20708
-7963 -15090
27955 -29158
2496 -24916
-793 -24457
-1086 3042
-29834 -2909
-1400 19017
13794 15387
8302 -20646
-23539 -1589
-24123 -21582
-23867 -124
16840 -3835
-22234 17296
24757 29766
28066 5184
435 -504
-7327 23748
-5215 -24537
10753 27740
-10474 -2799
-10731 -4170
-28335 18741
-29624 -18241
3515 17891
2545 25003
-16852 10115
3657 6918
-13553 20885
16526 20664
-465 -4616
-29641 910
-22427 -9167
14773 -24397
-18385 12494
-9986 29875
9035 5575
-2456 20409
24244 -6511
6871 -22401
-17719 12407
5899 8890
-11907 10247
10287 -26936
14296 -16614
-21095 -16125
-10201 21142
-502 17156
-20070 -22775
10098 6863
21120 -20496
-27808 26015
-6262 16229
-167 16899
-21491 -27395
18621 -13777
-2496 -25037
-3909 8256
3401 3013
-19076 -21114
12933 160
9428 -12257
-11045 18829
4441 29904
-3252 -4085
15541 -2295
-5002 5574
25249 21231
-22654 -4006
-12047 -2778
22155 -1044
5935 -28653
-14313 12224
-19129 17566
1302 27519
-21004 -7466
25566 -3290
25436 -21772
20011 15525
26258 4909
2739 -25898
-2797 -18971
2841 709
27907 -7079
22677 -17367
881 256
-11756 -7893
-6879 2867
-3941 28657
-23197 12952
8884 -15370
1976 -21195
17209 15062
10238 -17906
18241 -6823
6518 -1062
6384 -16539
12243 -25112
28411 -21678
20486 29826
-28355 -15980
-16587 2645
-485 18197
-1419 9400
20780 12301
13063 -7739
24 27330
-23923 2522
-14065 -17851
-8249 -13412
25593 13504
-21251 26410
-29093 18736
8771 2780
-7066 -17554
-16267 -25184
-12387 -25627
-7317 11384
4011 3605
-21468 19754
-11001 23957
24954 11700
-9370 -28934
-13934 4559
-9834 -7921
19301 23499
8937 -6272
2351 -8907
26233 24391
18787 5557
-1602 27189
-5941 10271
-16175 -1677
2219 9338
11995 -23412
-16867 -16350
24094 -22667
-16594 27866
-16142 20353
25667 20583
-22937 29555
27516 6650
-14801 -25348
-7729 -4815
11955 5544
15357 -12412
25378 -20085
-1630 20312
-10380 16211
-19715 23301
-10726 -19306
-1360 1699
28086 919
21155 -4440
14810 29240
17681 -3966
10095 -22729
-12398 -20242
-26529 -6779
-6089 -6078
1231 -20598
-20290 4435
-14893 2051
5537 5377
-10490 21754
-26399 -23870
-8357 -9909
-2739 25044
-15924 -24429
23190 28297
14359 -1476
-10018 -9115
20554 -3438
-12766 -1097
20074 1505
-19980 -22314
-10689 26181
22018 18036
-23832 26777
-18759 -26449
-20366 -5070
-11090 -32
-24954 1448
-14078 28379
23119 -2304
-13167 28873
21562 -6710
4546 28893
-26425 -15343
-15372 -9327
-1891 12747
-15271 -13451
19287 -5726
-19910 -574
-2071 7523
22621 -3375
24443 9316
-23506 17731
-13699 -27040
-25783 -18743
15103 12964
16948 -26846
3920 -15487
4671 22884
-13615 10779
15289 -13491
22505 -9960
28292 -28141
-28613 22034
3573 6582
26088 8319
11797 19995
8093 -7493
-12128 -9648
10530 973
10110 -14914
-3771 -16804
22157 4345
-20611 -29866
18532 25966
-19349 -21650
-29876 -22639
-16409 -25688
19705 -18
-16717 19883
-8640 -10688
10340 22123
-6240 10304
-13348 -28553
-12729 -24971
-1290 -20768
-29937 19809
27115 7373
25822 -10438
7844 21094
-9571 -11382
4287 -23788
-5347 -10028
11696 21793
8484 12644
10857 -28842
7052 27221
-26601 -4530
20716 -23947
1290 15870
8036 26364
-14251 19864
-3056 -8259
16626 2989
23009 -14686
-23603 -21118
-2540 -18431
-16413 3083
17055 592
-4283 -22903
-19451 -25348
-2923 11591
-4487 12155
15607 -23939
9441 6322
24085 -12656
16448 19201
-2159 -23632
-15959 23035
-576 -2904
8155 28251
12965 7416
6739 17970
25888 9820
7773 -27982
22870 9476
-19879 8397
15675 15008
22279 -27097
-20675 21600
-3304 -7773
-16391 -1134
-9836 20941
12904 3888
-972 -24135
26685 14652
-1192 -27937
-10668 -2132
-1101 -5935
-15010 -9995
-4405 9099
-29596 18396
5851 14772
-8469 -21859
16959 -26273
-10144 24837
-2216 6522
-25410 -4763
11593 -21046
6115 -20896
-20548 -10202
-3926 2092
-8126 -25162
-9160 9691
-11050 22436
23632 20676
-20946 21683
20894 29044
1678 -15119
-22622 1097
-1594 17762
-16257 17409
9943 -24099
-26615 19186
23832 -17766
18252 -15978
-13326 3519
6629 28972
-11476 8719
-13095 -26019
-14955 -23438
8753 5994
-13819 -3117
19890 5539
52 -9138
-24675 7113
-28539 1816
-19698 -15248
11490 -9120
-19101 25252
947 -25049
20120 17899
-3660 16304
29454 -21759
12364 -6193
-6397 -21185
-5071 23638
-12602 -9728
-3195 -7419
12176 8175
17231 -5029
-13252 -12041
-23153 17591
10621 -24341
25596 25682
20466 411
-24851 28229
20685 6075
-28974 -29584
-158 26493
8289 27559
-1490 -25616
-25551 11232
10463 1729
-4520 6981
27021 13159
-25093 11306
