1500
2910 17071
-10219 -5448
-27042 -11276
4714 -20211
-13123 -11575
-1873 11200
14690 -26648
987 -28020
-22477 9810
-28274 -4031
-29240 -29302
24932 -27573
3088 -21649
21289 12148
15968 -4756
9480 -24697
16326 -16409
25502 15078
19379 -23743
-18877 -6950
22585 8792
12518 -27508
-11322 -22999
4830 19461
12295 19982
-12934 -28244
-29269 -15643
18783 7794
6503 5729
-3469 22901
-12850 -20548
22791 -6011
-29873 -15185
-2510 -11174
17102 -6913
26858 -20625
22425 4611
-6136 3496
-5936 8851
1468 19368
-3055 -24227
563 17185
-11021 -10574
-22966 -7270
15079 -27304
-15617 13688
-19323 -17732
-20213 23447
-6217 -26624
-16784 -19134
-13424 -3656
-24600 13610
22287 17492
-26877 -21573
-29013 -21721
-18313 -19638
-16076 20992
-11336 -8545
-14364 21695
19277 -11879
-22160 8351
-15620 -5606
29446 -25463
27901 -340
6613 -922
11977 20099
-11879 23209
-28229 -24516
-2263 17975
-14912 -14468
-13254 -26009
-16776 7449
-1345 -14802
-29017 -10472
4304 -10692
10000 5859
15485 -22621
-4069 903
-16953 -5659
-22397 -18556
-23971 29135
297 -3120
5170 15731
9662 20854
-27810 -19572
-23935 -11377
20206 8598
9736 -13370
11236 -11877
-21896 6964
-25382 4393
-6519 24360
-11220 -24179
-27825 2446
25127 -19814
11881 22840
18693 5016
-28455 -3099
-23028 -13510
-2049 24446
18000 -3932
6561 -16184
-27989 23013
23793 8070
8309 8513
12375 11641
27603 -1776
-28429 -16277
4641 -2533
-15977 -224
-4726 8543
13820 -20948
3390 15179
550 -837
-4790 -10376
2156 -16161
2856 27107
-6826 3617
995 -29917
-12803 -18095
-8916 -9997
-9310 -10847
17257 10471
-25928 3672
-1888 -29495
-21894 1757
-9872 984
12887 -24173
-4678 9873
-10479 28222
7382 16016
4611 24369
-22968 -4620
-15889 -4120
17123 22997
18980 -22082
-1078 -1605
22503 3010
12152 -24993
-7671 -12794
-21835 -16200
-1661 14271
-23338 -25863
3085 16242
28450 25032
23202 -2267
-12849 9004
7958 15490
1757 -22263
-24089 -25736
24824 21323
27524 17872
29774 -18676
-9245 -21080
7741 -3743
-11939 -1552
-26103 4550
12168 -15663
-9004 -16017
15305 25504
-19241 21425
24137 -22572
-6422 -7653
12214 -21231
12438 19315
26467 18278
8703 -18793
18796 -2078
-28523 -3182
22571 6287
8349 29301
-15132 22961
-3790 7445
-2847 -25117
-15177 -3712
14672 99
-17493 -25639
2430 23141
19069 -13974
28000 -6316
-12307 -25798
-7424 -10033
3109 -8791
7259 -25978
6059 14645
21961 -987
7816 17956
20754 -16210
18925 8219
15731 15341
-8078 3183
3291 -4218
-12468 -24449
-24599 14764
80 28636
4088 9912
17906 -14090
14890 -2895
-18993 -1896
18915 -27744
-27863 -22840
19638 -11551
11885 -24219
-26541 -26988
6261 -20423
-101 4896
-16459 -17672
-5709 4336
-2237 3249
24666 -14764
6048 -20775
-21969 22745
553 24093
24288 24423
22068 5913
-1584 13013
29926 -4923
28609 -22811
24438 14009
16799 20098
15769 -22118
14120 27074
-22862 10163
16762 3104
9632 -9513
20341 23911
-18257 -21601
-12248 29798
-5150 29669
24584 -824
-2403 -29475
2050 -8349
23396 -19721
-25972 25835
-7731 28443
24440 11268
15953 -16908
-23791 -3090
10877 -20112
15294 -12392
2123 26457
-28113 -6424
-16264 22900
-23477 -26445
20730 -27068
-2624 -24902
-7702 -10134
-5013 24778
22442 -18988
-18065 -21958
27431 -19788
19444 -19386
9093 21509
-4710 -22539
-12905 26205
-29005 -6482
-17469 -15967
8090 28344
11419 -19446
5718 14850
-13646 -22920
8673 2977
2526 -29460
4478 6900
27194 18845
-15932 28619
-22957 21125
17259 9780
-4017 27067
11612 -13154
-19122 25527
-1519 -10484
22014 -25300
21598 -29727
-27972 -19230
-2752 -1034
-25399 -7417
-7768 6677
5461 -6742
13794 18656
14424 21556
7295 -12962
1532 22704
-24244 8342
2819 -6307
19925 4750
13527 -4115
-25831 25766
11853 17197
15404 -10485
27167 -11754
-26917 13578
-28849 18211
11498 26578
24808 -20201
9907 15839
24463 1732
3541 -428
27287 -7265
-9882 -9968
-27886 4878
-20388 -22068
17748 19626
-17603 -25558
-8131 3497
10333 17518
11537 -3603
-15938 -25127
15956 24468
-25373 -13566
20976 3509
10668 26657
21660 -8178
-11519 -6571
3327 15325
25439 -14152
3731 4739
-6009 -22864
14482 -18241
-26185 -12765
12767 6050
-7484 -17342
23164 964
1859 8908
29994 -5798
-7698 16349
8890 -21087
9147 24269
-18325 -19938
-28868 -11938
27852 -29508
-25582 587
-7360 -29111
24638 25054
20179 22175
-17777 21107
59 -19762
-24131 7595
16675 5695
-19436 -8228
-13110 -28922
22612 -21123
7826 406
-7190 2335
-17087 8301
-22710 3779
7147 -4102
16335 -21586
-6049 24340
-12510 -15664
17091 -1980
26126 9988
13141 -14380
20750 -8358
-5172 18414
-20454 -19315
3677 -8323
-7838 -26192
21551 -16638
13825 -5226
12114 -16998
-27423 27483
-27449 -6718
21672 -15295
-15332 -28375
25388 23009
22330 16739
24656 -3974
-28047 -3042
-25477 -9642
16672 -2806
14893 17014
15560 29266
-26534 15898
20184 9107
-21333 -10094
22838 26573
1963 20445
-11498 -22194
-13213 3093
-1669 14982
-1354 9733
20637 -5292
-24975 96
-29286 -13805
-2513 22193
-671 12800
21750 10622
-12407 -17139
12914 330
16338 -13271
23429 -12683
21820 23887
-7051 28309
28830 -26062
-15905 -14405
-24998 23974
-9228 -3981
-22520 10371
5019 2850
-7469 2774
29382 -26978
-16941 -2115
17926 -16980
-15603 -9727
-12771 28751
-2067 19711
17057 24187
-8314 1560
24547 6252
28477 -6181
-26863 -1335
25423 -10047
-3496 22085
-8302 -4737
-12454 -14376
11893 12272
-7625 23641
-15249 20818
26186 -13866
-29638 26547
8495 -4038
-22535 20923
-21069 24197
8430 12040
-27200 -28138
-1375 -17631
-24995 9669
-13191 -13933
24557 1393
-7721 -23815
16457 13162
15690 -4054
3194 -1491
-21451 82
8583 18093
-25395 1668
22385 -22921
21715 -16482
22453 -10838
-13449 1457
-12356 10487
-20952 8398
18147 5749
-7111 10269
-5383 11526
29243 -11782
19079 -17848
-409 2589
-29914 4695
-22727 5818
2325 -20334
-27550 -19309
22113 848
-24747 8909
-14029 3257
-16657 -9314
-4934 -887
21573 3786
22994 7018
-24957 -6491
-15625 -144
17988 14978
22121 -17649
15763 -13632
-24636 -13572
-28465 -6682
-26999 10271
11139 -26751
11880 -15079
27328 18455
15277 1626
-25313 -1125
21324 24832
-16506 -909
-19373 -23577
1966 26574
-6090 -4401
-25247 18659
-21379 -13961
1157 -18235
10621 20283
-24809 817
-2874 4417
-29582 12927
9564 27314
-14574 24933
28243 24176
-22139 -13016
-5788 27337
-8357 -9029
8819 29919
-10804 876
2769 4370
-25960 12328
8340 23237
13574 -4033
-23669 22631
13129 -9252
445 5394
-2959 -19683
24296 26023
-13847 -26141
10228 29977
-2560 18900
6157 20848
-29470 -16497
-20522 -10503
5431 10425
-1068 -11911
-13471 -24412
19787 -25619
12119 2813
23135 -24973
6724 -17647
8960 2720
4289 21817
-12715 25282
-21946 -7670
-9508 3572
9941 -18838
-19789 14735
11346 -18527
-28824 19248
-10222 -29709
14015 23691
-15030 6563
-25892 6056
-10319 -15497
-25503 23607
-15759 3483
11115 -4534
-17758 -8366
16966 6326
-17099 26548
-1826 -7969
-8456 28748
10778 27856
-10636 2471
-9120 17382
-28329 -15382
15554 13864
16979 19667
-12006 -6362
-11609 7174
-26355 1722
-18210 -23943
-18627 -16469
-7609 16963
20575 16286
-19341 -29558
27139 -21363
-21799 26596
3725 3548
-2262 10564
-4127 -11261
25630 -28749
8464 -6044
1746 -8437
-7914 -29871
-8520 -20686
-27614 28098
-28561 -23903
-23097 -29145
-14643 -25783
14479 1725
-12953 14052
-6623 -28373
6381 -15239
-28413 12117
-29734 17982
16276 -23183
-10325 13252
2466 -334
-8717 6432
26938 3194
-20888 19640
-22753 -10847
-16971 11649
14732 -22929
27945 24398
-18461 -22291
7859 20317
4321 3052
862 -22215
28605 -11060
-16919 12131
-8172 -21055
508 -17515
49 -27592
-10290 14346
5375 -5754
-22874 11339
29116 29764
29767 15500
-11572 20350
-3027 11345
-6205 10515
-29132 10914
-26590 -3644
-27136 1361
-7439 -21820
9755 17722
-21489 16950
-21473 -14478
4015 -10913
2979 -3723
-27783 -7014
26232 -12825
-22052 14491
21059 21945
-8899 -14524
23262 17987
28255 6287
15076 634
-13153 -2292
3752 29346
-10575 -3643
18954 20221
15509 27413
-7199 -13668
-22323 -4278
-12508 -8577
-18625 7074
9413 -22820
-140 -25661
-22435 -16641
-16857 -9374
-13081 -15074
-21061 -8641
2330 -6343
-11518 -28982
7921 18748
-17568 5881
26455 -26559
29852 20861
-914 -24164
817 20048
-1451 14408
-2115 6639
27733 -6118
-29889 9074
-21009 6255
-7693 -5000
-3480 -26892
11237 -6927
4764 22840
-9756 9662
-9643 -16872
-11461 23980
26484 26995
-9642 -15458
26495 -21594
-8211 -4906
-19945 -9256
4450 -6035
27212 -24256
-27154 -23513
23483 -28753
1549 24342
-7517 29445
3338 22313
2784 -11865
17551 9577
-17946 10996
-2630 26415
-17857 28854
24265 -5887
26592 23527
-25586 28802
-4236 -14874
-2853 4672
549 28375
23520 10851
-1642 26459
-21955 26916
7260 8611
27195 -1941
20609 19496
22230 15025
4574 28602
11331 25868
17193 -11304
29713 -9336
16267 -29040
7130 9923
-13592 194
-23402 17754
23800 7830
17397 -26818
1428 6239
-21395 26167
-5239 -18671
-25248 -15230
-5157 -29373
19977 -23683
-18559 25757
-22661 13007
-1211 -9278
28812 6112
-4276 20912
23505 -22566
-1553 -25440
-6292 28690
22039 12366
-27575 -4458
9930 17057
27596 126
-22965 3401
17468 -26468
-17406 21420
15431 28214
-13791 -28697
4754 -21775
6713 -22810
-12775 18690
-24157 2064
-16309 -7192
28937 -8013
28953 13133
28468 -24285
-29336 9310
-10774 18902
-13540 -4198
-10320 -11203
-4558 11582
-7202 -26831
13909 -27990
-4168 -11188
-13478 27155
-14997 9222
-26887 10602
-24644 20419
24709 -22495
19961 25086
27158 -23643
-5256 14074
29012 -2624
29275 -18110
13838 20079
-6482 16530
20435 -15534
17512 11510
9100 -6047
-1907 29701
15540 -5566
-26173 -27246
-22530 -11662
23058 -8338
25137 2821
24976 -17885
20796 -27558
-15438 17527
-27423 -23764
-17369 9809
5303 -17703
-3131 -2403
-24783 5921
26342 -6983
-23689 -27405
-625 -19911
9299 -25070
-29572 -6956
-13283 2050
-7565 -9097
24474 -5305
16595 23046
8664 22065
-6595 -29802
-7731 12056
14983 -24827
-5963 21678
12174 20377
5144 -3204
21783 -9841
20197 -7154
25960 -16395
24080 -12002
-11586 16597
7077 24783
-1011 11688
3289 -28729
5950 -9826
28319 27690
-11401 2374
21499 8736
-8872 -3475
-21922 -26404
4062 -23723
-2060 27034
-28009 28829
-13801 -19544
-19483 15389
-4260 -925
26490 29808
-8804 -19735
10779 22840
-22591 12438
22335 -22015
9361 24663
-18497 -12974
29218 -6230
26568 -1683
-20031 -18823
-11244 17968
16553 20694
-4214 -215
-11674 -398
20792 -12004
-12476 -11091
-25765 28403
-10037 8985
7623 13182
-13203 25850
5553 16461
-2050 14016
-9398 -10248
-7632 7193
-15047 19251
-13483 -20944
-16809 24260
-19125 -29107
2362 -22523
4178 -28549
26664 -17546
-18938 -7095
-24277 -15166
-14137 6682
-1490 2462
18779 -29562
-29231 29057
23237 -5319
-1371 -28449
-7160 21751
24108 -12826
-18540 -16237
5916 -20501
18241 -14930
-26400 3155
-2921 15177
25033 -2298
2901 7360
-11758 21485
23574 -9567
-12973 -6373
-9628 -7516
-16832 20739
-7876 -11653
27701 -14021
-10024 -11491
-23114 22027
7054 -568
6536 -7050
14861 278
20070 12000
-26114 -14444
-24716 -20475
25343 -15065
18010 -16622
-17367 -7920
13152 8718
15114 29080
-2485 -12953
-26270 -15829
-18995 -21360
20380 25483
23750 7160
-19016 -29629
17256 -19218
-938 -13072
-10852 -14942
-2650 23312
29049 -22141
-4196 6754
27693 16343
-27694 1142
16071 15508
4160 -15401
-6149 -26860
-11596 27428
20068 -16217
-12995 20879
-884 -20634
-939 11772
20808 27940
10775 -17753
28738 127
686 14670
-3981 -17960
-9318 9315
6461 8439
13523 7290
-27205 15151
-19687 13510
1859 10978
-11147 5529
-7326 21042
22883 -23118
-13519 28704
-7366 -1737
6668 25107
-252 10790
-22368 -9292
-17478 10136
-15199 -20691
26792 -26004
-21135 19320
-26349 21961
-19938 -9305
29935 4899
-1157 26646
-5405 25409
17097 -22482
3675 -9104
11534 -9168
-29525 -14400
24617 -17566
-15640 16740
-16050 13748
-19775 -26440
17086 25412
27475 16873
9009 10749
10458 21770
358 13138
-6454 -29559
2156 -27589
24023 -14714
-3606 16537
-28309 -3992
3430 3600
15909 -5002
-26833 25115
-4807 16141
13763 18269
7439 20054
-23946 -14174
4167 -14398
26024 -16460
21818 -1125
22144 2279
20202 14469
29837 10527
-6645 8710
4163 21311
-16624 -29457
21774 -15870
-28850 -21628
26775 15870
-27197 -20863
-5692 -11843
13249 22853
-7777 -22925
10543 12360
16820 13962
3159 -18919
11062 21686
-6628 -13713
1286 2122
27873 -2015
-20428 10731
15175 -17495
12774 -29787
-27627 3734
-14236 -23312
2948 -20263
-17404 -18082
-24707 15714
-10669 5213
-13211 -17987
-6691 18358
-6990 -25878
-7152 -29056
-3436 13846
-17810 -7330
19001 6898
-3008 -17695
22300 -14234
13374 -27598
19263 -7681
-27276 -25346
19596 -28236
26384 8396
28380 -20438
3075 -15804
8878 -20634
23961 -19479
22073 -8057
5537 -9061
-10253 20968
-5330 -9209
22234 18695
-29092 22617
-14265 1568
8359 -5014
-28506 3499
-3080 -24199
17992 7009
29356 -2840
17955 -10451
8185 -4016
9070 27058
-13725 -23563
-18079 7642
26127 -16398
18974 -22071
-22365 20298
-16671 10226
-14374 -2755
10045 13383
-29980 -26031
645 -3172
-8874 12161
-7193 18749
-2175 -25962
-729 14274
29623 -23419
15257 6169
14831 27304
7634 -11553
6049 -3223
-23534 -4884
22089 -3887
24275 -27399
4980 -21032
29752 15170
14366 21123
-28681 2523
-17258 24907
-25298 9137
-18738 -25447
21820 -28989
-19545 5346
18113 15070
-18735 -19922
-28497 15572
5756 -22881
29695 -29613
-1536 -25424
-11184 124
16823 -15004
-24533 -9501
-11328 351
-26828 25198
24474 -25766
-22492 24321
-19039 28823
8976 -7624
-29398 -3736
-21884 8917
26610 -19536
26174 -8435
23572 28234
11929 19087
5611 26564
-5031 25413
4798 -4744
28423 -19270
27260 -29405
-21020 29090
13326 9889
991 23236
-1043 -6828
20901 1859
8790 -12710
-5 19801
404 25609
29116 -885
17861 -13023
10030 -21207
18831 -26130
-9925 -13657
-6663 15727
-21777 24880
25450 20550
21780 -14187
-21407 -6985
-10233 -13424
22704 -19755
-12262 -2450
-9071 -3008
27245 2089
-19857 -10631
-24 -18811
16819 1908
-17140 -10378
-20521 29258
-12727 5322
1811 -24314
-28178 -11462
-12432 20202
-14948 5284
-2887 -2163
16243 13106
4433 19491
-13343 20853
22626 -11601
4541 -2585
6652 18858
26234 -16104
-21410 4588
-9383 -21385
-9623 19424
-9104 23343
2059 -28066
4894 -29835
15877 -11501
20859 -17703
8976 20538
736 27746
-24089 -15047
-25031 7079
-15925 12954
28781 29152
13249 -7691
-2617 -7800
15338 13168
-3897 15876
28334 -29488
6250 7099
7188 11478
-22086 -4193
10147 3391
20160 -6367
26723 -21940
-25459 17817
6568 24995
6131 -21046
17813 18303
14071 15492
1222 25550
-483 8031
14011 -11368
-18349 8324
20863 24743
10903 2546
-14276 16029
-8675 21759
-20210 10965
113 -25365
24119 -2320
28054 13206
-20999 -14809
-12681 -22913
-29804 17445
13147 19101
2150 -23034
-5178 -5474
-14575 27783
-4033 -20931
-19966 11251
-19090 -29864
-16447 18875
-23148 -20015
11577 6683
6613 -18545
-16256 -1821
-20870 28081
-14150 15536
-1411 27588
-12835 -26658
-11285 4515
-4746 -5439
-20021 6100
-18824 13442
10187 22806
-4222 3415
5551 -25677
17606 25231
-18527 5463
-19063 -6019
-27075 17777
-18998 26579
-2312 -1568
-21908 -22745
28230 -27292
-26402 -20831
304 -14096
19567 25425
12491 -24840
-11967 5209
-6682 -22097
-1690 17250
-11416 10686
25474 -10304
-7334 -22637
15836 -26448
1518 -25385
27897 16983
-21401 9006
7429 -3916
-4189 21813
-7129 9878
27455 16421
16081 13792
-20805 -6323
26583 11164
7570 -29736
24284 -8285
-17446 16549
7616 1318
6748 22228
-22647 8426
-4949 -1959
-10013 23916
14173 33
-23756 20162
-10815 11851
-23720 19077
17907 -11465
8202 21560
-6081 18964
-28674 20499
-26270 -7924
-22430 15086
-14186 28990
11489 -4654
-25418 -21020
-22630 1398
24437 14744
13192 7204
1820 -11498
-8806 -1021
7767 -18734
-7134 26120
15505 5099
4850 26236
-11237 26913
15077 -27287
19647 8134
-23450 -23256
-909 -29800
27307 -13337
20286 -29638
15405 -12068
-5443 20952
24165 3441
4038 18857
-12176 -16292
-28456 -25806
-2968 24403
-26574 29657
-16265 -12882
-149 -1576
7873 9177
-23221 -9981
5704 16418
11741 19279
24189 3672
-12076 5918
-3121 -5511
-20979 -27946
23126 1751
9633 7675
-8751 -11914
7885 -1560
-5652 -22556
-14403 16751
-20516 8179
21653 22510
15411 -13198
8555 22653
-13826 -25986
9324 -22897
7547 -4333
858 -7575
-9719 19488
11302 -11352
8849 -7142
14242 -28978
-24531 -17633
25516 -25456
-8443 21416
24142 26699
-26626 -6893
17064 -11151
5051 -1777
10715 -26494
26678 15898
-17043 -17479
-12276 -22684
-18159 16850
-25141 20298
-18875 -12737
4094 3420
25169 19794
19348 19986
-22518 28753
2007 8366
-454 7749
21565 19840
-25604 25540
407 -28349
28348 -10091
-19970 22779
-17927 -12359
-20363 16896
25353 2075
-6895 -29384
21595 37
13185 -11591
28101 23984
-22333 -29835
-22200 -25632
-8583 11384
-14447 -23462
-2011 -24137
16852 13867
-12309 14530
-14062 -12505
-21310 13024
24723 28786
-11597 -1491
7797 14949
7455 -14179
29714 -19267
-25919 1968
16404 7498
4288 22368
16756 -10038
-6094 11539
-14953 3301
-14918 -22418
-3013 -24662
-8141 -7480
13655 -11655
-12691 20910
-14321 -12267
-23922 3376
-12604 -3659
3069 -14568
18774 10057
4310 28516
-25712 -21649
-14673 -4676
15697 -2418
26525 -16927
-3723 17904
22110 9463
7370 13569
7650 11506
7303 679
17138 -5459
-12346 -21038
-10555 -15987
-5426 16289
-3445 -21349
-24197 -21257
20122 24751
-1543 25539
15181 -11196
14352 -24335
-28632 27929
12882 16524
21487 13308
-24581 -17845
-20359 9430
8971 1994
-26902 -22928
-6633 -18404
11498 29560
21931 -21687
-7687 -10244
-24634 -27310
10423 -21164
-7760 -1258
3027 15308
-20249 -27692
-25462 26375
13710 -10338
9287 -10533
-6985 -11723
5708 -18177
29421 -11353
1755 6870
-22098 15797
5069 -3876
10721 -10549
-10990 -19393
19312 20678
16344 23668
2368 -6737
-4714 6827
3187 22064
-27271 -17938
386 -16947
5596 16165
-20979 -10017
-29647 -12991
9387 -17562
7283 -3790
13776 -892
6231 22144
-9247 15484
17687 22123
-2953 8071
-20796 8112
26298 -28306
-17499 6962
25798 -9182
25203 26115
27306 -14976
-21127 6791
8497 -18677
5552 8694
16326 6968
6022 -23269
9055 -18789
6908 -16610
6407 -3876
24341 -13850
-28989 -8191
-6498 23473
3104 3954
18575 29670
24340 14127
-4697 -29344
-21664 25515
29000 10894
15302 -5560
-28823 28891
3656 -17646
-28529 6532
19996 -3221
3319 12702
-20746 578
-6959 10584
-15226 -14643
1796 18812
7432 4007
-7141 26102
17595 -19490
-19983 26057
-19265 24479
12533 -1716
-5750 -12115
-3805 -19494
-9534 10324
-9372 -1520
-26037 7723
-15882 -25307
23541 6863
-3760 1856
-1175 -14667
13934 -526
20790 10154
24206 -10319
2321 26999
5305 28294
19219 -28210
13784 -5353
5439 -16699
-14013 3107
7044 -15607
25983 -27338
3453 29488
-20660 8099
-6022 24236
28837 -25115
-6348 21176
15965 17735
-12027 -8659
-1459 25312
5087 -6853
10662 -23814
18099 17392
-6572 -1989
11580 -2311
17311 11265
-12962 13016
25039 14405
24965 -23228
27967 22517
-9285 6122
-24493 6038
-23148 -16859
25611 4457
-23825 -200
7746 -1453
-1981 -25261
8254 -12598
18638 11054
-18322 12583
-12438 -18478
-4825 23818
-4473 26898
6875 17399
-7048 -3310
19188 8669
-2195 -5753
21412 -4508
-29279 5338
8678 15378
-24537 -25395
-22986 10208
26910 19941
-19013 25042
11692 104
-5769 -8686
2999 3803
