1500
18086 -5149
-4123 -6917
14239 -14840
-7223 4226
-17222 -3902
-1709 10152
-8410 27586
-3586 8573
-16054 18459
-6936 18336
13001 10806
29266 3980
-26055 7321
25018 -26485
8580 -15535
-14537 -26834
21509 -7194
-17568 -22502
-2418 -20511
-28042 13460
16374 1222
-21544 28101
-19858 -7002
-25399 -6195
28262 -27273
-5402 -1671
-51 -15757
24566 4704
15786 11012
406 24064
21025 23580
-12635 2884
20681 -27827
-27690 43
-8875 14875
19619 -7346
12387 8363
26808 22718
29179 24474
-25718 18197
-25092 1086
14108 1643
10699 -4708
2062 2849
-14326 -19931
-26330 -24424
10825 -12583
14269 -2984
-18800 28965
25599 -18153
15076 -14752
13474 3820
-5374 -25053
5873 -14384
-28696 -11416
28696 10574
15436 23205
6911 -21502
-24325 20063
-6145 -10112
-14944 11659
16744 -17733
-25823 11749
22752 11561
-9388 10262
3005 -19385
-21956 10430
-2833 -7305
-24450 -20341
2600 23786
-8371 -25702
22075 -18683
-23938 1925
25286 25096
-2369 -5343
6045 -2594
-934 -7862
16637 24854
-14248 1764
14508 -5507
-18946 -2066
-22890 16686
-24575 -11194
3680 -16051
26025 29491
26048 27145
-7675 22262
21626 -9703
19635 21124
-25326 -27934
16118 -10004
7281 22882
20558 -16898
-1218 6593
-10208 -9445
22184 -20729
-7087 8344
-11765 -17256
-13437 -3611
12902 19265
16174 -13679
27395 -3353
16038 8758
8973 11962
12860 -11656
3588 -26160
-29800 17550
5903 22268
2495 20162
-4263 2728
-5136 -20345
1036 -879
17563 -19965
-29307 19687
-26715 -1998
27482 -6393
-27922 14492
29552 -26049
-18872 8427
-1993 18734
-9581 15784
13409 -9976
-3930 -23453
-24283 24810
-12789 845
-24869 29916
13466 9160
-5346 21691
1232 6444
9322 11930
12713 -19404
11920 -292
27671 -28892
29037 10570
-7965 4972
28933 4895
1530 -403
-28667 11373
16836 -3307
26275 18708
18102 -9113
-27585 -8318
-13503 10760
8590 20964
-24171 27769
23578 10811
28966 -19658
18828 22785
29025 -17258
16486 19326
27800 -22159
-17053 -4584
-19197 25007
-24999 28838
-19786 -29605
-24940 -25261
10601 5982
-15334 22877
-12816 -676
23027 -22044
10825 1344
-25325 27166
-15493 -24291
-5781 -3814
5614 25823
-4176 -13466
19338 -15413
22953 -1656
2483 11687
-29029 3779
-9181 8606
-2499 -22666
13440 29645
-7245 8792
20411 -29861
-673 18366
3074 16838
29576 -25569
-17841 1488
5590 9296
-23340 5181
6850 24771
-13649 -25474
-25555 18357
28949 4876
17004 -28803
-28879 -11400
7327 22113
-28333 14339
20354 -19101
3267 10610
4160 16469
15930 -9563
9979 -11420
15267 -14205
-27506 24143
-5879 -18193
-11266 -13334
4120 27062
11191 -25515
-26730 19130
-18323 12950
8079 -20853
23573 -19235
12955 27690
5883 9278
-29611 20323
-10777 -19754
892 27667
15332 -28700
674 20810
5435 21531
1023 -10020
19218 -29947
29160 7802
6372 12543
23 -22851
19341 -12584
7330 6352
2000 14214
29169 3556
27560 16860
22543 28313
487 -3684
3048 -13215
-1117 -16224
14114 2050
22737 3283
2023 -10359
864 -18981
2715 29881
574 12914
22384 9636
-5922 -21792
11515 17819
10354 -486
-16972 4710
-6616 2036
-20702 -2299
-7942 -7433
-9282 -8625
-22499 -9497
-8062 26973
-24856 -10942
-11215 -13723
-4613 -24246
-15532 -2018
2316 7937
-7109 26176
18558 17953
-12874 -23273
20915 -24350
-1922 13462
-18076 -9513
-15029 17682
-21343 12831
3022 -976
20085 -19605
7483 -20129
28525 12757
22552 -18847
15249 11456
2465 -22526
-15400 -11307
12334 -16950
-28470 -26795
28857 4961
9252 24980
6335 1894
-4905 24923
-15004 -11718
10695 10065
-16596 -24203
-21696 -18909
-7387 17541
-4609 -28062
26087 4358
-2900 -22380
-4165 -525
12175 -8119
21734 -5542
19535 18432
-29546 -5936
-29630 1601
29243 -18700
-3897 26374
14562 29665
-28423 19002
5726 29922
-3269 -5056
551 -25201
12590 -7595
-4348 24290
-23017 8268
25372 23497
-25453 2919
-2334 6064
27163 15730
6200 27763
16266 10901
-20900 -10765
-14699 -8175
2916 6676
14747 3752
5049 1512
12816 -4739
26847 -7959
-11111 28411
3858 8670
23435 14332
-12058 -28478
24118 -22706
199 5774
-13532 -14447
13126 10970
24174 27761
-3818 225
-19555 2360
-28183 -16437
-22618 6668
-20197 -9642
-23279 2886
-17286 10634
5223 -22965
-12582 -17178
23702 23820
21209 15817
6856 -23457
-29613 -19140
-7913 -28419
-18284 13725
-9317 16976
-11355 -8890
-14912 17710
28572 -29357
13067 21812
-25456 14304
-3175 -22235
-1406 -4152
-10545 27107
29711 16552
8740 -29175
14419 15440
-5060 -12213
-22723 -890
-3870 12497
8108 -734
1860 -20341
-18664 -2415
-12677 -17770
-8847 -21510
13246 25296
26356 8542
29029 13385
5538 -14265
9758 -29111
-18183 -11371
27555 18757
-3461 -7930
-2907 -23955
-29394 1875
26427 -18511
1541 21074
-3508 28928
23111 23200
-14608 -3404
6015 22535
29479 -29035
25414 7238
-27638 -17590
20268 -23444
-4342 -8990
-13091 3489
10075 -20852
-10761 24285
3329 -11577
1140 12286
13625 20780
-17334 -19777
16428 7867
-28937 3401
18796 6160
-18125 5238
16003 17704
5132 6543
13109 4165
22339 -3230
22390 -4826
22559 28611
-12194 6888
18387 -13275
22016 -20580
20598 -6665
11943 -23292
8428 -541
-20734 19177
-8939 20918
6227 -602
29445 26348
-15080 26922
-193 7822
-25999 29705
-22016 -26293
-359 12852
25874 25750
26475 -26189
26608 -11582
-23078 13954
-7240 -3040
18695 -20162
-8554 6212
-9934 -10952
5153 22485
-8400 4100
13510 24005
-29731 -29258
-6076 26741
22975 -13453
-27154 23103
-13939 -17646
-6719 22979
4633 -28590
-7146 -4116
18885 25251
27884 2306
28261 16850
-13845 9347
-12158 29225
-21600 23570
10520 -22744
-12239 21688
-23117 24970
-23540 8276
14682 24811
-21429 22803
15853 17367
-22859 20336
-27889 21608
-15025 -4496
-8007 -18062
11658 -28099
8957 -24983
8649 -18448
-8423 -15948
27358 -13722
-11157 11791
-2025 -29153
12013 11584
-22151 -3734
26033 7034
10894 798
1685 13682
-27780 -13936
-8481 1477
1840 -26
-28955 -12117
-16028 7794
15125 -23606
-2481 -19278
3287 7637
27956 22670
-28796 -28702
17688 -24020
10579 3815
26028 -22986
22633 -22526
-4857 27899
14828 11702
5345 -23966
-13956 16816
-13430 17472
16014 -4977
16734 14201
21965 -20165
-15387 16883
-5514 11847
-9111 -15210
-22652 -29083
2601 -7885
15812 22516
-13952 17110
17329 -6997
-12643 1542
-570 -20793
594 27356
15138 -26648
28876 22921
-13769 6495
1145 -1387
22227 -5936
16500 26132
-20854 -8885
13736 27413
24537 14421
20329 -10773
-6901 -14945
16010 20917
21376 -2436
7350 -21264
18179 5282
28673 8900
-20029 -18960
13257 6173
6594 3680
-15303 17415
28782 -10305
-1283 -13737
24904 11782
-10681 -987
5268 15566
28610 5345
18469 -3115
-28992 -22590
-16866 7925
-28904 -22386
8485 -311
-19562 -15921
-14433 -8135
29219 21161
-17529 5965
-7163 -20941
-29337 9875
-27470 274
11331 -28340
2814 16648
26214 -22354
25458 7352
3957 9424
-3876 13543
-29134 -5253
-10403 9189
-19218 15383
-3012 3076
22976 20095
-26003 -14730
4421 28142
8721 -10598
25462 7295
9542 -2472
6111 -10779
-23964 28045
-5764 5377
27351 27288
2868 7357
-4928 21742
17321 1709
-9549 -4751
6146 20373
950 3389
-19081 15742
26224 -14033
-19890 -2618
-118 10355
-18373 -5526
-20128 14931
-2551 -5459
14019 22198
-16556 14574
-21434 -13132
-26509 -15539
7028 -11435
6954 -11160
-2261 3050
-15406 -29305
14164 24147
5521 -13224
18126 -20048
-3664 13572
15756 -4994
10208 -7799
26350 23963
11929 -12901
-20435 18029
-20902 3936
8089 5287
-5371 -1579
2178 7549
21778 -5797
-17606 -29960
-14055 26002
27981 13420
732 17021
28465 -9097
-26207 -15763
24058 2970
-9653 -14506
1556 9051
12101 12883
26421 -6531
12343 -14051
20601 -23317
-29363 21119
-18462 -22110
-18548 14381
-1771 16461
-3998 -10570
-10956 19950
-27681 -9045
-22721 -14428
-5249 21570
19028 26145
-3991 -17031
-4028 18940
-5038 -21696
25583 22300
-5779 -9334
-13029 -15662
18672 3050
-18818 13747
23905 14556
11643 -15606
-4384 -9114
-19622 -9190
28901 -27271
-4006 23552
7931 1566
26483 16754
-17841 19465
7654 20256
-7042 -6254
-11474 6919
-6140 -17698
-20222 -10945
-14408 15854
-26154 26311
6995 22292
16437 23631
-28580 -21808
-25406 25962
2383 6816
7236 15207
24479 10006
-16918 -11644
13967 28049
-3309 -25044
-15980 26794
-29014 23362
-24195 5355
12750 -25254
-2550 -6914
-15890 23276
-21683 -12542
-7779 25594
-9345 2851
4400 -21274
-8725 26055
-15079 395
-8839 18661
-27541 -5879
9966 29416
3517 -10221
27305 -4190
-22779 29247
552 16193
25283 12765
-17461 -18442
6378 -12958
15652 -12250
-23071 8941
-13161 -23805
-21419 -2678
4090 28529
-29537 24025
2143 -6727
-3770 26032
9874 -6380
22894 14474
-2005 27143
-10565 -10101
-28342 26063
-17477 -2772
27001 -2443
9208 -24125
-10140 18436
3189 -11007
4187 -12048
-22835 -2948
-23552 25651
5305 -14013
-26957 10358
9288 19954
-1641 -7093
-22790 -6130
2972 14938
28151 12420
-8128 4389
-1640 20447
-3719 170
-15595 14291
212 -25416
14537 3368
-16404 26512
19963 25325
-9511 -901
12169 15584
12786 27281
-25560 4780
-8573 2916
-23095 1024
4822 -2917
-10581 -20522
-12475 4901
-876 -7907
18743 22520
26359 -21753
-11299 -4494
-4308 -19120
-5594 23687
-13037 5589
-20531 -21524
-27037 11242
-8455 4035
27830 -20475
-6322 -27902
25057 17373
17599 22599
2292 14901
7958 19858
7412 -3761
5891 -1884
-29166 18807
-6575 21891
-1191 -25754
-17227 -8241
20898 -6103
-26921 1308
3071 14191
-14741 -11805
2224 -16026
9328 24613
5810 -15331
24305 -29582
4695 14789
23061 -26862
27861 -29109
-2322 -4772
13991 2402
19785 4797
8205 14451
18700 3868
-17195 -24744
-6496 -25228
-9927 -19728
-19230 9366
11728 -1140
27304 8139
-28939 -23746
-23422 -23453
-10139 22173
8433 11053
-1055 -15911
5136 -10869
21979 -26376
-21493 -4599
-15885 -3813
29102 -27596
20146 -474
-24602 -28216
-7920 -10084
20181 469
-7067 -8255
12463 14106
29605 -16324
11667 -19768
-1974 -7806
-23767 15070
20972 10827
2465 -10111
26134 -25816
29587 21997
20663 9014
-7537 17850
-25761 -13068
-10377 11541
-19024 -19822
-2903 -6453
23633 13077
23764 9133
-26468 19612
-29381 -9201
-17193 -23559
8690 24805
-28069 -2516
-13726 -10931
-1317 14767
-6620 28954
21360 -28920
13369 5203
16306 -5201
12706 2842
19485 6879
-12059 27150
21577 -5271
-26153 10629
-3020 20878
6494 -9590
-13580 -10780
15248 2489
-26285 12067
-11707 11807
1848 -29428
-15185 -7186
28848 25896
8003 9992
27704 10574
-13443 13945
16409 13756
-23572 -26030
-25248 -20475
-2598 -16645
7672 -12582
2104 14335
-1685 18769
-27675 -7037
20244 -15144
288 -9678
27286 2593
9489 -15671
24622 -5415
-25666 -23628
-21012 19790
-29215 12991
26927 -7567
9894 -3090
14599 8192
27518 26155
-4873 24035
22647 10006
-24027 -25664
-9552 1466
-13764 -28865
2975 10866
27484 2768
11410 -15754
-478 -2743
27749 -6318
16849 -12121
663 10016
-26423 705
-23934 13547
20812 17194
23952 18431
-29269 15409
-13069 15868
-13324 5644
19528 -28579
-15684 -4324
-11255 17630
11573 -2770
-18121 -11900
19874 296
-19561 -460
-15649 19325
-13378 -20742
9278 25953
-26380 25826
-4735 -8420
-26337 6857
-9956 -11011
28265 28925
15349 -2520
-6599 -23862
-895 -2112
5636 -21001
-15657 18402
-14960 -24528
29076 20625
7564 20953
-21060 -26273
-26697 21593
18000 -24383
-18986 -4076
-20957 -5073
-15758 -5995
9835 -27603
4835 3786
17853 -26535
1942 8157
28689 -18955
6188 20087
27655 8022
3784 -26340
24712 -25937
-24922 -12014
11208 10136
-6222 1080
-28738 6408
22932 -11347
15837 28942
-2371 484
12923 -11722
9854 25970
-7960 12766
21271 -5866
-29566 -20026
-7107 25995
-29614 -11678
-4676 -27177
-4642 25821
5708 -12178
-22431 25945
6771 -19136
-641 25421
21085 2097
16114 -22330
-9571 24581
-29270 16728
-9727 -2232
-13732 7494
25348 15230
-17930 511
-28554 3189
12876 -2867
13304 -9921
-11689 -22838
-12270 -19663
-1684 4603
23008 13726
2708 107
-4693 -26317
7247 18525
-4487 -13669
-26092 -16901
-10028 -20303
-23832 18860
-787 12141
-3168 -14062
7827 9544
9769 9952
22413 -28236
-11324 6779
-14478 -21495
9841 -24985
-21866 8229
-24811 107
13524 -24055
18285 1590
20284 28073
27912 -13283
22744 -6702
-20493 -29054
-514 -9694
5485 -27116
7523 7197
-3107 27759
-4199 -8957
615 23741
16464 22199
24348 -25077
27223 27105
-9422 -4119
7180 17105
24756 9726
21891 14049
16942 27093
29909 24573
-3463 6186
21838 -15421
18705 -3483
-16646 -27171
-17696 21893
29075 9682
2491 -13131
-18615 1122
-18696 -4615
4056 -19757
13383 -636
-1907 27291
-10981 16498
28299 -26935
-10041 22489
10882 13325
29825 -24409
21011 -1718
22662 15404
-14441 -22003
6570 10017
7258 8698
11942 -18853
-13157 -4361
-14857 27767
-9602 -14427
-19079 -17138
16731 29031
19151 8117
17076 8825
11306 18138
-15277 9862
-1697 15478
22237 -23855
22995 12595
1791 -25819
-14968 28568
5536 -21555
29624 24640
10976 16466
2157 6740
-3140 -26136
-8116 -23129
20600 1355
-12445 -29169
-119 6852
16997 12639
5141 27549
-16401 -12013
-8917 24076
-22033 863
27509 -23526
-23668 12377
-9947 -23171
-28284 4851
-20927 -6346
-12768 12899
-12515 13978
-18029 18596
310 16430
-257 -456
7032 -25568
-16146 18128
5452 -6258
4478 3874
-7014 -23235
-2683 -4757
17863 -15757
-12338 -22817
-5630 -12414
327 16159
-2149 -14921
-3075 -2167
10600 -3955
-2599 6611
-2124 22604
-27518 -5977
29436 8301
-7351 -24066
-15327 -20833
6426 22115
-27813 -15936
-25685 -18924
-16608 -10395
12770 24931
22793 -4383
-15208 10307
25041 -8868
17274 11151
-6836 -25728
4091 -1586
10675 16766
-98 -3343
-18458 9920
3354 292
21673 -28083
-8808 -7481
-19930 -11299
-4627 -22358
6863 12639
-13027 21724
-5914 -23263
4166 22175
7118 -18723
26835 -2964
7433 20707
-7881 -23335
-13037 1679
-25081 -5139
27975 -9966
16689 -18433
14375 -27077
-15989 24881
11055 20204
3438 -8881
17952 17351
6763 1299
9380 -7236
9822 -23659
-9164 -25451
25525 -8307
7815 -7006
-23055 -27197
17298 9483
-28312 14097
-11905 13581
4163 15356
13202 25736
-20882 28008
-16838 26385
1021 -27273
-3703 -25478
2140 3491
16737 -19596
-7382 18228
-19278 27335
25398 -27078
5304 -12959
-15863 -1149
6956 27765
-25722 -28003
-4180 25953
19692 -24945
-27578 -24172
20535 -10129
27946 -20800
-25759 -4490
22996 -1675
29644 -126
6021 7429
-19045 9315
-28713 18134
27395 -13487
13374 -17056
28891 18858
25338 -29906
-2882 -26141
5651 -1013
21749 809
11018 -18047
-26810 28549
28426 11395
-11096 -13240
-1755 13020
-3234 20944
-24426 -7642
19361 10944
-5749 -15111
-12034 14852
-4073 11201
6770 2239
-26659 -15511
26144 -23361
8974 24159
6070 13556
-14853 13585
14327 905
-20737 18068
-1087 -24564
-4972 7368
3668 4803
23001 19142
17367 12899
-1650 11005
10014 -20146
27289 25802
-11714 7797
-23351 -26732
-14437 5190
-24704 19787
-4468 -24497
23868 12161
8346 -27296
28573 -15276
15752 -29610
-11584 24845
2213 28902
-1749 21242
18685 3118
-3063 -26508
-3036 17352
8342 -15559
10171 -23559
19999 26569
21637 -3154
21401 -3328
14933 15488
11470 16650
-10752 24082
-8429 -9206
7204 -13092
-16477 4707
1320 23464
-1795 -12599
-8300 -4127
-23303 18254
-21963 16033
23309 -9416
29885 -9264
-7170 5467
17993 -9149
29404 -15557
-17465 23495
-25440 14986
4090 17845
-16331 8273
-29092 16523
-20841 -29443
454 -3575
-768 6865
-17637 9236
24629 13788
-9083 -871
-704 -8795
2311 2640
26068 -18526
-27634 564
-2809 12230
12256 11336
-29208 5817
15202 -492
-14958 9814
15785 4215
2272 11088
-20253 -15714
9191 18568
-21497 22577
-28637 3741
-5354 29907
931 29491
14271 -26333
17598 -29737
6378 -9714
-19100 29537
-7238 14777
-26271 -6409
7241 -22461
-20595 26421
12129 -29997
-19523 22032
-1070 4482
-3109 -13824
-22484 -28085
-20244 -18370
-7 -29942
28140 -11636
-23663 13271
13010 19202
-2413 1473
16127 1799
-24882 -2670
22983 -1639
10412 -17080
-10108 -17471
12826 21389
-27622 5475
20171 -8245
5309 -404
-25085 -18225
27480 1613
4133 12393
-17481 3549
-14969 -16614
10154 903
12115 -16100
-25830 310
-21193 -5108
-6473 5620
-26188 12888
10574 9620
13756 19648
-10181 -28044
21441 -16917
679 -14041
-25365 12545
13971 -12571
-4047 -7886
12762 -19575
-16241 27386
-15747 15086
-28496 29957
17570 -3918
-3025 4634
24796 28793
22953 22030
-19302 11749
193 28800
13426 13213
-16991 26780
-14613 325
7398 -7083
-20762 -28622
20484 -11294
12878 25924
-22848 -19443
-17762 3876
-17098 -4943
16904 20196
18465 -143
-22440 1557
-12844 1444
-8343 -15686
4732 8275
4024 14488
24468 10333
5507 -22644
3748 2963
16747 -4901
27743 10893
-9411 23095
-18945 9586
-11324 -20152
20376 -14493
-29002 -8540
18950 -29487
-22245 2768
11392 -25926
42 -7984
-1912 -29657
-848 -12437
-10155 19049
7360 -10103
-18850 5700
5076 -5780
28326 -25741
-12350 11555
21355 19935
54 15799
-7199 -29517
5099 -23262
-23489 -8300
-9528 3588
12220 -16462
-2589 9612
24739 -15728
-5012 -26936
-18867 6346
6945 27977
-13526 -2523
-7830 -20230
15905 7232
-21065 22912
-9702 12056
4918 -29833
13429 11929
-9164 26967
8148 -26074
25026 25523
-7311 -12729
-29411 27362
-28670 27102
-15199 22471
7107 20889
-29310 -11480
28004 3430
14840 -705
-8811 -11066
-18423 27112
20308 16396
18239 18007
-8979 7483
26928 -12334
-20598 23659
28820 12188
24019 26855
14075 9329
-21524 -13045
-8942 -4044
25991 -23729
-14577 -8401
29256 14356
885 22389
-18940 -16232
-23152 25007
27950 -5430
-12789 -20358
21291 -19930
16868 -5720
-9903 22410
-5950 29080
12611 24385
-12553 15916
26507 10615
-9030 -25079
-28206 28810
-1014 942
-13290 18842
-21338 -8515
-26355 -16021
8006 -917
733 -697
1284 -307
-7553 27795
4572 -29458
28960 14552
-18099 -4874
720 -4485
-15411 16000
22144 20042
2947 -6729
28168 25253
26546 -25093
-6770 -22705
13043 -26432
2126 21412
12838 -21269
-12300 7093
23065 14193
6626 15433
20593 20683
19936 -6206
-16075 -21678
-2018 3603
-22616 3064
-2644 6975
27789 22470
-25584 136
17459 1247
-5305 23244
-9476 -5204
7691 3743
6922 24804
-28438 -2394
-3082 149
28877 11739
-28986 -18182
-12502 -19225
-21970 -28417
-20337 17254
-24628 27275
18674 -11207
-8820 26571
4046 17557
-23530 13110
-11189 15392
1923 17457
28422 -22504
22780 11688
-16883 -2291
13884 23266
18586 20054
8723 -1579
-13059 11525
-8728 -11969
-12915 23853
14153 17192
445 -3605
-24220 -3481
18026 28193
-21780 -4954
1577 791
20449 -3795
16175 12887
5774 -27734
-11095 -3821
12678 5502
19418 -23797
-28136 -8633
6378 26099
-19904 888
8142 9908
13533 -22422
26963 -9623
-5371 15105
-28271 -15696
6223 -5472
17998 24917
-26395 -25707
4164 18236
8980 -8647
21945 -7728
19056 -2686
-10957 25626
-5620 -13769
3761 20177
-26309 20835
-17178 -858
17520 -9652
-12058 -10230
25657 -26312
-25627 -1292
5299 17827
-24866 11110
17392 16263
-10408 -17596
11466 -25960
15961 -26270
27929 15511
11209 17391
12122 24046
-7636 807
6725 -10642
20465 18496
23966 -11853
5159 18066
221 4490
19373 7250
29333 1114
-16914 -20656
26235 13479
4624 -2101
13394 -17741
842 6051
11235 -11858
18843 23088
14298 -10022
-19662 3521
3069 20768
-13572 -1632
20239 -21381
-2628 13896
14549 25810
22993 6047
-29054 -20922
-25456 -22386
27392 -22058
-25809 28296
27989 10203
-27460 15413
-6804 6931
-13424 13104
18443 19694
527 24103
-11634 28289
