1500
2052 19748
-18482 -12959
27298 12198
13269 -3353
28770 6803
6673 2215
-24311 23007
-28801 -925
7004 -11421
3679 28189
4980 -18348
19954 -7977
26338 -13071
7661 14287
27991 -26666
-9326 1924
-25357 12223
-29335 -16607
-9907 -23980
22652 -3014
14031 17706
-16905 -29800
-29032 -8495
17494 -27001
2052 -20141
-24602 16699
5236 -24215
29398 -6479
18541 -17113
24174 -26709
-19619 -9214
-7289 19471
-28411 5292
24692 -11954
22040 -11826
-20821 -23477
6014 15460
10031 -3667
-13092 -27729
29154 -19102
-27091 22979
3557 -8369
-24946 -617
14639 27771
12732 11082
-13625 -12067
-1186 -19471
-22536 -7121
19367 -10431
-28067 4382
27105 -29253
-2525 -6326
-27157 -12322
-347 9913
-21218 14679
29824 28511
13567 12390
22547 15174
-28838 8469
7949 5516
25771 -11585
28978 3382
-17354 -4864
-4391 -21320
28428 6237
-9896 11894
23411 4230
11549 26520
-29290 -494
14092 4364
1034 12220
4300 -26640
25253 -7897
-26010 25150
-27604 -7878
21372 -21932
4635 9822
-14164 -21805
8234 -12928
-25851 13296
-14250 980
-22040 -12627
25326 -7702
-7657 -1072
6710 20041
-27595 -18265
-19390 17227
17728 14315
-448 8572
-14842 -3288
3704 27044
-21295 -19990
-22092 1801
21185 17608
-21829 -28561
-27161 -12266
26865 17785
12249 24075
-22242 11305
-24571 8165
-19922 10768
4403 -564
26798 -8764
-5004 -14232
-23257 25269
23283 -2134
184 20612
1843 -17035
-16895 22778
8808 5661
3085 28415
8654 -17651
5060 -21828
20891 -10037
28794 3820
-22016 -3883
10632 -12066
16622 -18649
-14911 7065
-16476 5120
8913 -25134
-28372 -19515
21157 -3629
26693 -29877
-2753 1261
-17948 1249
14945 19423
18377 9311
14283 2594
-6011 -12124
-20755 1790
-4076 -16025
-16694 -4890
10435 27161
-26889 -18275
-28035 12263
-5897 -29891
-15552 2841
21583 22497
19280 -21081
11282 1099
870 -11759
28694 14842
21192 -15561
-15031 -22850
23670 -29846
-16312 -15148
-15139 -7253
-19312 -9890
-20691 -19229
9057 -3199
-24523 -22853
3000 -10849
20606 -1901
-986 -24605
-20631 2520
-3702 3523
9372 6164
26513 16431
18527 -21528
23587 13248
-11400 -2205
-24750 12434
-14132 -1919
13661 -14495
12289 27372
11996 -13177
25592 14003
-15884 3825
-16816 -10810
1174 16618
4678 10854
-16066 -8994
-24943 -21384
5214 13114
7988 -9699
15068 -2150
11876 -16381
10284 18436
-22070 -2075
-29159 -19989
12265 22689
-13144 24636
3433 -283
-12321 -23407
-11747 -12453
-10446 -28974
-19649 -22298
-21670 -15017
-13947 16504
-28017 14496
20769 358
-19788 -394
-17504 -24687
2310 19110
-16221 -13036
-648 -21078
-1817 -3247
-24420 18217
25020 24552
-15449 -21269
-20782 -24886
12569 -20985
-25891 28068
-5590 3402
-14947 22618
20914 15549
-15302 25261
-3225 24993
-22181 9086
-26982 15677
-28780 12089
12256 -4907
-1577 -10940
7399 21929
22786 10940
-27018 -12167
-19013 -19403
4539 7385
-2111 26209
27877 -1612
19979 -10146
-29798 11824
-3781 26231
23873 -13742
29633 -684
11897 -26403
10519 -7613
-16525 -15822
-4422 -11237
-25072 15183
-25184 -1987
25075 9049
-7039 -26106
-27446 10034
504 7264
1467 29321
18337 1378
-19390 -267
-7780 26710
-19216 -11822
-3129 -6728
-11895 27001
-15291 -17829
-24608 22024
-4600 14799
10646 2383
26712 21965
-16070 24467
-9289 -3518
-20643 2116
-17567 17517
-29649 -24356
-19074 -27441
-17887 12648
-1879 18113
27031 24747
15594 11392
20699 -11941
7723 17390
9471 -8749
19986 26450
-4713 9481
11201 -14794
13806 16329
17832 -16463
-26568 24754
-21718 25045
8302 14082
-15894 8470
8717 2764
6183 -6471
-15728 18460
-16406 15382
28431 -11890
-28784 -457
-927 15942
-22463 6867
-24433 -14267
-26278 -26903
-11861 -15951
-1965 -24515
-3734 26892
21747 14809
-9540 -17462
22015 -20125
9860 -1031
1765 -5393
23517 -12124
-23550 23875
-28965 -29378
12282 -20172
25586 -18674
-26162 11369
-6553 -23957
16368 14237
15923 10800
28630 4628
8002 -12285
26226 -12910
23743 10877
12999 5187
27627 526
-21416 28877
-17500 26524
-22362 3584
-25661 8278
21208 22940
29331 963
29643 -15966
10930 494
248 22536
10269 -7788
-4969 -27012
-10217 1732
27609 -6896
1059 -11663
-21371 -28622
-15914 -201
-26219 15706
21666 56
-522 -23819
25835 17295
3501 28521
29612 29613
15541 358
-28795 -22035
5056 9311
-13164 7178
23060 -15514
12683 10440
6888 -510
20651 234
17972 25876
-8815 10565
25652 19123
-13096 -28876
-25122 24033
23933 -10262
-18525 4890
14660 -10266
9801 -3573
-22030 -4270
28826 18925
-21598 -11197
27747 17695
-19176 -3995
-26559 -24430
-7761 -17273
5311 19246
-29935 19067
-1324 15229
-5428 3617
17176 27986
-28664 17913
-13066 -13877
-798 13545
22273 9776
-4000 19024
-24883 10177
-3634 10264
14547 -6612
-7064 14725
-11783 18236
20776 8035
-6882 6383
21756 16798
28549 18882
8896 24771
3455 -24687
864 19868
-22764 -20796
10079 -18073
19479 -27068
1086 -18653
-14341 1320
-8457 -3427
18030 15675
5605 -26428
12183 26271
-161 -13376
-3039 2302
-25603 11736
-24828 26299
21003 23797
-1005 -21647
-18430 -8229
-4714 28047
22803 -7449
-22159 -6830
4497 -17720
5678 -15791
23043 -11079
-2307 22523
5764 21302
-8036 17057
-22977 -8698
28035 28623
-25463 -5096
-14197 14405
-13578 -7629
-11318 26338
-24146 -12206
12462 -4984
23058 23116
-18770 23387
9634 -10397
21111 -18872
-29807 7317
26378 -10441
2214 -13242
-7799 4500
9106 -1344
-11846 -14359
-4982 -4338
-18777 -14432
5363 8054
-28200 -29076
23015 -9696
25939 2998
24068 19569
-27531 -8035
14692 -9036
23493 10964
22897 -22891
4516 -24615
-25459 -13683
9968 -7957
13405 18759
-18038 11821
13809 273
-7338 18102
-25105 18651
-9744 -11893
-15623 -12817
25746 -3091
6959 17203
8483 -1352
-19834 22542
26387 -11752
28392 13656
20250 -9282
-28956 19373
8129 4431
-18054 23650
2613 27719
-6722 4842
7922 18982
-24576 7437
-26356 21178
-13594 5208
20630 16282
12218 13976
20303 -13224
-9837 8692
2438 9711
-29592 20373
-6803 -4719
18524 28289
-10315 -21920
-28820 3725
-14520 6765
-24912 -14713
-6643 -17667
-18312 22496
26195 -16918
-15698 10756
18606 -12330
29794 -17542
-10671 -20407
-926 28622
-25144 -23056
17996 -2984
4836 -10410
28027 27049
-15062 -23699
23680 29426
-21748 9688
6487 -27101
20146 6700
10194 7873
594 -16918
16524 15551
6607 -19088
16869 -10074
-1955 -5067
-29885 -23994
-26662 8351
-13884 -1810
14601 5883
-19357 18931
12683 -21666
8596 26091
8027 -18835
-2085 -15821
-12826 -13619
-17969 -27766
29489 23509
14165 11436
3327 24151
-13855 -9316
23176 1502
26420 -23945
-8072 -2793
-5014 -26490
10516 19163
-19614 9640
-1910 21060
-6223 -20699
-13568 5201
-13996 -14397
-12435 -26750
26203 -22914
-21371 -8004
-17360 27627
16645 24669
-15586 3843
-28843 -21470
14848 -6669
-14965 8046
15484 -12232
-8758 -13109
29913 6426
-21157 7527
-19874 -29610
-3818 -9361
-9816 -5688
21482 15268
-11352 -29942
10555 22736
-13389 28538
452 -1100
3102 9138
-15359 12741
-9908 -20524
7780 19083
-12683 4665
14149 12240
20759 12542
-23565 28368
-21778 -3912
-18046 15772
27143 -16757
21772 21596
27307 -8462
-27649 22695
11835 -16669
-2362 -16006
1316 8901
-7941 25492
-10395 14689
20860 -14491
29207 21437
13673 -15720
-29892 -16061
1773 -2437
79 16869
11233 1618
-23807 -21529
-15681 -19273
-2084 -26412
26080 26496
-12929 -20629
24146 3184
-7513 17011
-16845 11984
-2409 21186
25805 -6011
-25984 14066
18645 23522
13909 -27933
10399 -497
-1782 -1058
4458 -16005
3998 12479
-243 27389
-14617 24885
15113 15051
13227 11468
-2283 -28833
-7227 5802
-10987 -16232
-16735 -219
-9358 -21955
28928 -21654
3248 6868
-15812 -20245
-17788 9048
-19339 16152
3404 -12842
-19966 17629
28054 -1869
26341 -1518
-8009 16777
-28880 23735
12579 26994
24372 -9443
14701 2274
-9152 15815
21775 3500
21029 10528
1036 -1031
14789 -597
9118 17365
13698 -26351
-5334 -8315
-3872 13357
21437 -13475
407 14597
-27405 29244
3347 11251
-4716 8742
11083 3924
2189 -8165
-14721 -4927
-6407 17061
-11314 -17333
2100 -12254
103 13069
-11839 21041
9049 4905
-20489 22635
20265 13107
-28811 11655
235 -5139
18511 3038
-9679 -18700
-4098 12615
-16965 -28427
7416 21993
20334 -5782
-15596 6939
18196 -21340
-14081 29241
-17477 -11453
23598 8315
8427 19491
17846 27072
-28679 -14841
8395 7047
-8310 -16902
16328 18980
-19236 -19771
-26615 -10248
-2201 7758
-10310 15660
26649 -20512
-2219 14216
-16416 27727
-28264 -27221
13533 17607
10971 1733
7671 -22175
-12218 27680
27650 -2275
-2147 -9658
22438 5582
-3911 23149
-12917 -26183
15128 -3949
7911 18224
-29160 23903
-14494 23551
28181 2051
22212 8694
11852 18794
18174 -21100
2259 -23363
574 -8344
-26074 -20040
-26264 -18374
-14394 -8324
-21938 15932
24703 -24496
-7927 -21215
990 -4985
-29458 -2166
11208 10721
-3795 -20539
-20699 13240
-6524 26987
-29967 -10646
-116 20198
19019 -25719
-7079 -12329
-24928 10909
20317 9063
12418 -15752
-29244 -23323
20630 23231
14170 -23575
2706 627
-9292 -27747
27490 -24509
25593 18850
3588 23537
-18174 -3688
-9253 15558
-7547 5414
20974 -9140
-20591 -24232
8832 10711
19434 26168
-15959 -11642
-11942 23920
8511 -4468
13925 12761
-16516 -10829
25768 25792
-22111 9893
-10004 -8916
2634 -16958
17072 -23086
-6832 -26345
-12161 9755
10942 6349
-8885 3662
-11325 -11051
17732 17600
26612 -23762
8413 -14458
22791 -23385
-22726 14676
928 -23332
5033 26190
7547 -22678
-5672 9153
10938 -15092
11612 17781
6337 -22360
-525 8701
-13780 27913
12270 26650
-16945 18347
802 15907
-15898 -25727
18221 -7580
-26193 -13483
-24732 7557
-4735 -8633
-12592 -15494
18558 10955
2776 11875
-8819 13473
-26343 -603
26827 18458
4727 -27958
11765 17550
-27257 8488
-19064 18565
7554 -596
-3404 -26551
-24716 -27532
8223 10443
21546 -28072
-17234 -2619
7554 4223
3597 -18974
-18415 18358
25717 1501
29716 -20011
20142 -28908
11320 2675
-29739 -9087
7548 -25385
-19847 -4201
-11093 17599
-16838 21173
-14505 9874
10467 -18863
-3360 -7005
-21052 14430
5488 12220
-25423 18685
-21997 -8244
-8233 -2848
-20489 -10802
15812 15838
-26922 11755
24539 8780
-4582 28787
20999 -27047
-25343 6688
28350 -20107
17465 -14052
12088 -10153
-22991 24789
-7160 24207
-2298 18886
17654 6633
-25585 10556
-24338 23936
13136 -1010
15472 25923
-16575 -22217
-15807 -9466
466 13816
21708 -4768
18028 14285
4734 2154
-14006 21721
-11 -22440
-1125 8166
-16393 8802
25129 -1359
13318 14455
5254 29464
-15189 -9873
-3348 -10992
22786 -4046
-10261 19872
-6904 -8468
4224 -23760
8026 -619
12269 -1682
-23854 19219
-484 9149
-20300 9571
-8034 -17497
14889 12715
25867 -5804
12845 12598
-19381 -13487
-28397 -2204
-18510 18077
-2800 16144
-1392 -25881
10354 -1355
-3243 -4777
25068 -17330
26855 -25784
3143 -18881
-13749 -10123
17331 21805
25725 -29462
25443 -9648
-15225 -5239
-183 -22429
-4925 -29912
-11107 -19782
19346 7367
13744 27257
-19743 10209
-698 -17476
23564 26476
8365 -12289
7488 7565
7726 16923
18366 -144
27129 -18726
-26373 -12160
-17384 -19625
-13127 1548
20414 26894
18291 -24487
10653 17145
-7311 4011
20148 -19870
-25976 23200
-24569 19496
17462 -29452
-15876 21461
10289 -4497
11309 29137
-10239 14491
-16125 7110
-6786 -22950
-21689 -29621
29777 -14647
5028 -21070
25696 -15886
-410 29037
20654 5379
28768 -16938
-1574 -22216
25805 -9669
23211 16841
-22166 -7792
3291 -17523
14452 8194
12336 -3148
-2591 -7548
1437 -9085
22244 13181
5203 25616
-3012 13539
25491 -5309
-19926 7004
23396 23227
721 -18707
-26305 -28703
17841 15757
24900 -28518
-16861 27681
16214 26844
-247 23794
-18101 -5444
-13730 7815
19094 7662
24625 -20556
20945 1092
-22728 -19022
-7883 -17135
-8286 28456
26930 -17556
-28697 25610
-29348 29712
-24285 -14129
-10079 -2881
5479 24912
-25316 27695
-21516 11360
-10789 27585
-10082 5907
28589 -21363
12964 10855
-979 21377
-13286 19532
13218 25804
-14632 29389
17733 -21355
11407 27431
-10370 25127
-24568 19958
-9846 -27914
-16600 29278
-23408 -4824
-29883 7630
-4381 15020
18733 -20532
27928 28012
20163 -18475
26246 -21335
-28516 20762
2289 -3384
29894 9546
-21977 5384
-25848 14127
28690 414
25692 16329
-1516 1625
8326 -11862
10355 11915
5678 10499
28542 -29089
-2075 27805
7504 -1196
1994 -19917
22413 5483
25257 14250
-6636 -11090
-5392 -22513
14968 21484
17420 446
-12965 -8225
26323 23871
-22711 23469
19940 -551
15070 -10334
-22853 -1250
-12005 6599
-27226 1491
27083 -10600
19110 -8796
2263 12368
9281 -2934
-20515 3654
23808 17808
1326 26685
-28771 24344
12802 -6564
16952 139
-130 15319
16889 -8458
5973 6654
-23953 -8560
-11115 18995
-10190 -21320
-20716 26932
23692 -5012
-25293 -27775
-20196 -21234
-27368 28762
-11 13780
-28613 -26946
23889 -1310
28960 26558
6299 -19456
-25875 24439
12655 -1576
2047 -15970
-29040 22933
29401 -116
21011 22743
19859 9539
3779 25080
10585 -10574
-5210 -10516
-13248 27745
-13018 -27382
16803 -9249
-13575 17197
-11133 -3287
17434 -21743
27898 4636
-2946 1174
-13417 -2207
10245 -26391
7664 -7383
9005 -17135
-14408 -20271
-29785 25973
5336 6682
-5285 7370
-29705 19341
29041 28444
21368 -17422
-2155 -13118
22256 25241
-8139 13618
10059 -17880
19637 2259
-13272 22764
1460 -14123
28504 -13292
16679 20846
-22068 24878
11761 8437
9116 -16140
4134 1485
-4164 -14858
-22182 -7628
7037 -7611
-23639 26479
13626 25248
-22325 19505
-25855 -26403
-9581 28913
-5940 -5879
9966 -29582
17539 -15649
16290 -24554
-8193 -5763
-13322 264
13094 17287
12219 -5290
16719 25588
28814 -21296
-24937 -20343
-1253 -15800
-1042 28507
-25687 -22385
446 -21356
897 -12361
-10156 14481
21243 329
-15228 6405
16114 26518
-10226 -9562
2102 -2936
-25813 -307
12645 23
-1116 -23769
9936 11919
27212 17695
14494 3406
-7050 16265
-21798 2274
3499 12663
1433 13925
-24244 -15373
10264 -13009
14631 11111
-26654 18317
-2094 -13178
-4670 27507
16730 -4839
-24886 -27805
476 2784
11630 -16573
-5194 -23145
-26748 21000
-20533 25970
-29373 28128
22088 15303
-4339 17841
4771 1157
22397 22333
-11480 -24461
18044 22912
5921 -18259
-14059 -9442
-23619 -14369
-18631 -26383
-27154 3910
-1517 21333
7963 -23525
-18051 18366
22467 -26507
30 -10655
24682 6002
-17139 -24032
966 -26500
-11016 -26714
19785 -25805
27421 -9135
7260 -18873
-7952 21327
-21028 733
-10174 27813
22775 12708
-13845 -24992
12170 2475
18233 -4800
7049 -16876
-653 -5268
14321 -8459
-66 -26536
20522 -15243
-26747 7805
-23087 -2745
-18684 9777
14657 12980
13455 -8371
1832 -5027
-24851 18240
19486 -12365
7347 21437
-28209 16734
21198 14497
14466 8335
-11641 11521
15609 -1856
22225 -3366
-26245 6963
11791 20195
20206 -25180
-2438 10959
12118 29366
1112 5463
-1376 -7345
10013 -22427
-16607 1283
-26387 -18627
-3942 -5926
8024 13613
27815 22648
26325 9841
-16634 -21838
-11554 22365
15176 -1431
-14807 -19306
-5578 -14952
-15608 6940
27470 3565
-19443 -11850
-6315 20586
10498 -1758
18677 20577
29528 11134
9225 -10890
15496 18148
-17867 -16060
-17918 -12585
-9849 28716
-23100 10559
12495 10488
-13760 26782
-15341 -3593
26470 -14082
-14112 3871
-9996 29411
156 21763
-934 -18209
24298 532
-12298 20580
8121 16010
-3153 -28455
15414 -1216
-29778 19319
20717 -7360
26133 10504
-27861 23901
10605 695
-28378 16303
28312 10139
-11008 -19016
-149 -20464
-696 10964
-19575 28742
29709 -16061
16213 -1187
17385 419
-101 -17350
-18640 -21632
-19155 -29769
-9318 22408
-20515 20949
-20771 -3109
19601 7135
2377 13106
-13686 17514
5469 -5680
-19783 -19908
10066 -24322
15007 19679
9291 -25021
2831 -25459
2930 12691
19249 -23624
24287 2900
-29103 -9456
-29920 -16765
-7852 -11611
12111 -8601
-28627 20655
-12002 20443
-5486 -23537
-23631 3904
9221 7087
21098 -2535
896 -4714
-25467 -15611
19634 10392
2447 -7866
-25359 -21897
-14100 3399
-7749 -17986
-11 -16011
-15361 -2212
-3263 22611
10036 13360
-27581 -15502
-29381 29277
-26823 -15409
2736 19901
13454 21577
27686 14739
-19800 11418
-4183 19290
-18975 20541
15786 19842
18250 -9002
-7015 3158
-4338 -7242
3008 7978
19699 28271
-7035 -27063
5051 -22244
-7328 -19187
-27834 -11870
-12883 -12542
-29097 -25726
28600 6156
-19610 5350
26214 4115
12871 27235
-17271 -15185
-18769 -17610
-25737 19429
20546 28665
11585 -23264
6950 14337
-13410 11289
-25133 13097
20500 -4174
-14558 3728
25417 -17715
4722 19285
4694 18609
20850 853
29679 27172
-11701 -1323
-8693 8572
-27729 25000
-26864 -3366
-3913 -4682
21272 -8473
-621 -29693
1157 -13769
17749 12266
22389 3527
21770 10198
3703 -25862
11116 13037
-3215 -26748
-27004 27795
21007 12757
-71 -6897
17755 -26515
16292 -18337
13737 -15774
1232 -8485
29461 19851
26647 2793
-21233 6562
-2491 -4700
-1093 -11241
-15382 -15906
-13922 16411
-1779 -1652
3947 -3167
4214 -8692
-3367 -25446
17205 5244
-5463 -3909
-26293 -29965
24251 -11885
26958 -24657
12795 327
-27458 4785
3490 24197
-24806 -18056
-9914 10147
1145 -19964
5107 -23484
1387 29715
-18198 8990
-7970 13036
-19976 -9092
4196 -9956
-14937 -4283
9495 11262
25920 -27350
-29630 20577
22540 -10668
-23437 25536
-19722 -1264
17716 -10029
13538 -18061
19436 -1851
-21060 -5982
21851 10462
8650 14004
-15396 -13682
11234 -5130
-14656 19273
-25192 24859
8991 -4718
2097 -3693
-26051 -17292
29840 21352
-20843 8107
13731 -11562
27715 -1027
-21545 -25665
585 -26977
19176 -8418
13539 -28783
-25356 26792
19844 -14946
22237 -5111
26363 -24725
-27018 -19970
22043 -856
-3186 19298
3037 25678
2821 -22255
-13734 4555
-12528 28978
24485 6006
-13602 -5381
21351 23650
18753 -24141
6922 1401
2330 -22895
-9833 8537
25769 9490
7801 -12982
12332 -3744
5391 17432
-14887 19593
23415 -5518
-27909 -15619
-738 20667
5377 19567
11277 3211
22714 8376
-2681 -19225
-22950 -27873
-13240 14372
-2740 16647
-19319 -545
-7729 9134
10059 -18746
-21850 25771
4681 -3547
-7667 17506
-2701 -10192
25117 2108
-11430 -8437
28746 11062
1730 -308
27369 15591
-183 18394
25020 12471
14439 22385
26836 16421
-20267 -27693
4850 14469
-29861 15534
-5895 28562
-21621 22360
-13651 -6247
-28418 27685
-4209 -18311
-15590 -29161
14347 -28766
-5226 -2714
-19825 -16370
-2547 -584
-13120 -6660
7074 -25529
5621 10224
-13536 10738
-4649 -20486
11662 23935
-2474 -3160
-10013 -24887
24793 15563
-8769 -20885
-27682 -8316
23402 10940
-3492 2691
7799 -4640
-21581 -11409
-23250 -14686
-10085 2414
-4287 -26394
16409 11008
-1238 -18888
15641 6468
24145 -2265
15248 -4282
-17380 -26474
21535 25048
-7350 -5843
-21381 18506
6717 3949
14150 27240
25998 -29946
-20304 -17843
5123 -26995
-23244 21310
-29009 3779
3450 19955
4628 12478
-25666 19420
23448 -13928
-15530 -5419
24391 -29185
-2261 -11809
18220 15305
16908 4879
-27797 25318
-4240 -10285
-17590 3945
26531 998
17058 -27317
-551 -7090
11927 19230
25757 19456
-8171 -14962
-7807 17251
22101 4292
-27596 17569
-11667 3468
-2795 13178
-13960 -22524
5555 -5994
5374 -3091
-19118 -4620
-25593 -25573
-29954 -881
417 -15396
-6448 18244
-9292 23416
-8611 -24695
-10663 13871
-12748 -21457
20941 -16310
-11177 -15258
1376 -18039
4462 -2750
20561 -7429
22198 8204
-2747 -1006
27770 -24543
-6726 -7843
26583 -16022
-2834 -24597
7680 13939
29602 24485
24823 25342
6069 -9602
24073 17278
26347 -7835
24803 -23471
6096 -3184
29298 -15923
