1500
29902 -197
-22729 15017
-26507 -20387
1926 -19892
-11897 25902
-13242 7519
-21201 -5939
6648 5373
3209 -19397
4767 24980
-26515 28364
-10176 26401
28809 -12428
-22814 2216
-15338 24170
-24921 -29802
-4554 -19282
-25880 17219
16521 -13327
-12464 8452
-142 -8261
-12925 -22467
-19370 20166
28598 -20584
-15771 13157
2725 -3607
-19680 -13600
588 -27559
-29367 -11379
-6055 1860
-19328 2716
6459 25683
2938 17374
1640 -988
19733 7257
1899 25209
3167 19228
23593 -14705
-10463 -2743
17994 -1917
20891 -5969
28692 18585
23663 -11720
-26227 -291
14136 26331
-10723 -5487
-9564 -29300
4601 12277
-26005 15504
-23558 14966
-11093 -1890
11255 15901
16842 29542
-17772 12771
-7799 -28392
19607 8749
17446 -18972
28443 6620
24206 -13632
15829 28350
13497 12581
19261 2980
628 9016
6844 -131
11834 -9041
-7140 21989
-16047 -29085
-14038 14938
15528 -27153
575 -5558
26975 -29150
-22107 -21868
16836 8874
27088 17323
-18290 22675
-2786 -4063
27358 -4802
3234 411
-16172 -8922
-25009 -27220
28268 25029
-15587 -16662
21375 5975
-7171 28338
12725 -3569
-14018 7169
26154 -26920
12012 14922
17275 -19105
-22807 20161
-3652 -9952
27960 7697
-23210 27015
-28369 -18163
1355 -15334
12161 -13782
20956 13386
-25493 -8001
-10242 6307
22723 -11603
-22903 -5091
21762 2641
-17638 24182
27618 2130
-1738 26859
-108 -19013
-14833 -11980
23746 7629
-28193 -18666
15547 1841
4791 -611
18480 18564
-25926 4090
12429 -10904
-28645 13874
-5266 1955
26425 20134
16196 -12749
-18295 4454
-25716 -29522
-11885 27309
-22030 6086
-11553 5598
-24574 -24083
-3379 -20859
-21678 23435
25887 -8847
3281 21412
-24287 -1296
-20922 -13380
-4964 -2219
-359 7474
10977 26756
-11957 -26481
23250 22621
-29273 -2924
-27693 21493
26687 -23462
-26794 -3231
-21084 15094
-27791 16455
-26210 -22125
-12263 29603
28871 8964
11646 11631
-18621 -22506
-26632 -25648
-9609 10399
7895 2756
-6499 -29431
-14361 -26342
-29563 -8228
-23477 -17369
-23923 -24948
9280 10315
-15659 28606
5438 -588
-6378 13858
12199 -13718
29573 20951
10770 18444
19516 668
12332 11864
5151 -7493
-8182 7507
-26087 142
-13489 -20435
-6580 -290
-16668 -2649
19950 19980
3327 25818
-19869 10454
13376 -21069
-8420 871
13159 15510
28161 -12118
-24821 24803
-29090 1645
12182 -5803
-1457 -18105
221 10767
-22794 26179
8055 -29592
29283 -6901
723 -15978
-28859 -20716
14229 13235
12092 9637
-7405 2623
-17604 8862
-28884 27865
20827 16748
1352 4181
-13017 -15023
7261 -10994
-10620 17184
-730 -29545
-20795 23980
-24280 17126
7035 -8577
2098 7248
-592 24862
-17705 14375
14602 -2131
-25433 -13325
-7562 -27753
18040 -25782
-20417 -7848
-1208 4442
-16751 -12355
-12830 15949
-2148 24099
-12363 -1109
-5649 14134
25890 9308
-5144 11282
-22873 -27629
1167 8861
1078 -14121
1281 -5554
10437 -11021
-5193 4488
-20530 16197
26846 -11001
-23833 19068
10953 4399
-29237 12543
-5074 2635
-15845 -2210
24508 20411
2087 12516
24405 15750
17118 -18175
-15773 25804
26484 -3659
-7969 20167
4606 -21149
21050 29859
22121 18728
-14091 26491
-24253 -727
19313 -26328
7522 6748
-18920 -10123
-27692 -26130
231 28331
13116 -8908
10918 10909
-8196 -6175
-1447 -10354
6213 -7223
-6080 4196
631 -18902
-22778 -7271
15629 23069
16957 -20544
-14240 -27164
-23124 -5439
-3544 25743
-25455 2793
-20694 -18794
4099 619
-17706 -18880
21334 26813
-5042 18657
-4146 9850
461 -12155
-19903 -26020
9906 -3393
-22219 -1410
4665 -25246
13543 415
17108 -9807
-25117 9204
-21305 -29886
13478 -9689
14960 19892
-9787 -2737
19866 7588
-21520 -13322
5537 11903
-28480 28451
21565 -4377
-11182 -26141
22127 16788
-19985 7012
-7644 -21824
14161 -12773
25016 12498
28969 -27166
-14268 -23399
26607 8635
-11889 -24719
-13838 10098
346 -16255
26778 -16274
-14318 -6641
-19859 6094
-29619 20187
11064 -4491
-2844 24355
-866 -3069
-7330 -29581
-8328 26474
-25102 25201
23035 -10978
-5278 -7056
-17966 -23294
13532 17555
-8844 -8672
-26482 8900
19473 -2471
28042 -7636
5472 -15299
9468 -29383
13474 -27880
23865 -9349
1265 -15993
3441 -4323
12541 12366
24250 20221
29124 29901
9240 21693
9410 7187
-4643 14385
13542 23273
-18567 -6748
28353 -11913
-26723 16712
13188 -8472
-29503 -17630
21541 -1047
-12637 -7358
-10834 8310
-8972 26081
-29356 20608
-19925 -28603
17959 21341
15153 5623
-11763 9392
3531 8646
7795 9735
-5740 -2264
11353 -17339
13315 -24329
21990 28293
11821 11027
24559 2991
676 29276
21720 18696
-14801 2325
-19413 -25592
-5660 20507
17872 15091
6318 28510
7845 13050
29599 26121
28797 14677
-1371 -233
-28223 -1366
-10693 -4460
19908 -20044
-6380 21926
13372 -28369
10744 -28224
7370 17184
-1050 17554
2795 -1311
21183 19315
-4397 13910
-20712 28137
-18352 -21390
15973 26028
-14736 21403
14729 -19278
-17376 7453
-5052 17436
21068 -26721
-14579 -21529
24222 7368
-14648 -13973
-20964 -24437
21868 -7186
30000 -3845
23015 -22348
19611 26422
22252 -19757
7549 -17079
-6374 4221
14969 -28815
-22757 -24519
-28866 -14250
22182 26558
-21267 10190
-15450 -3742
22935 -15086
5921 10540
-13973 -16354
-21840 23947
-6400 -7503
-21720 6603
26694 -18021
-16643 29390
21022 18894
3831 -27981
9650 -25763
22389 -9925
-17410 -6694
-6505 -16942
17751 -4017
8463 -19359
2414 -17793
-17215 -10618
-16204 -10218
-17485 -26867
16506 -5586
24486 -6983
2703 20427
10967 -14026
-7102 16473
-11020 2708
-4127 -12039
-26918 -8568
9449 -11163
8427 11706
399 -22150
16999 7487
3795 1558
19262 -5421
9209 -20273
9055 -26653
-11704 28386
-22086 -26408
-16947 -19438
-5950 -27366
4039 6817
-4207 -21110
1185 24051
14660 21833
-19990 10374
-28135 -14591
12815 16743
61 -24716
18415 21349
-8932 -12211
-17880 19916
2152 18131
22390 18632
-12986 -14532
-16064 26508
13138 20689
-27755 625
-5089 -13655
-5506 -20583
-1254 27188
8208 -21241
2968 24138
-17340 9804
-3205 21513
-7706 -28855
-26749 6629
-28938 13724
9415 4950
-14087 -4981
-18746 10142
19271 22695
-14785 -13434
-20051 -12690
-1013 16430
12593 -2920
27601 -20519
-5411 -2312
21365 -24873
-10784 872
20942 -2135
-24729 -22463
-24896 15038
-5260 13086
-21453 24767
-14262 19155
12831 -12191
28290 -8556
204 -15983
-27134 -6559
14781 -12379
15471 -29044
24970 10772
-26670 24095
-19799 -27420
27268 14779
-27577 -23567
1334 -8342
-29160 -25278
2843 -13192
-15349 9685
16063 -22882
1388 22896
14511 -684
19313 -8112
29252 23766
-20974 4873
-21333 19760
6539 19311
29113 14196
-11294 -24882
5888 20169
-1427 -13255
4613 29702
9663 -29898
12992 -20998
10002 22351
-23454 20577
-27284 -24977
-1023 29769
-5237 -15131
5770 18901
-25796 27205
26663 -17117
26302 -2112
-14731 -18268
-5059 -3323
15335 -29632
5664 -29836
-2827 -24525
9417 -13540
-15325 -679
-21447 -1642
-18083 -8089
-3563 -29825
-15925 -28968
-27742 27018
-29037 -7204
7555 20890
-9482 15031
28506 -25904
6573 -15526
-24459 -20293
838 10871
29635 680
-24234 -15357
13805 9041
1277 18373
-25421 -8501
10932 -330
8109 16405
26672 10329
-9180 21492
-27707 -6782
-18651 26302
-21095 -17045
15762 -19670
-9279 28381
-7383 19583
24536 17885
-5335 -15948
-7255 -10111
4171 -343
7788 -10475
-6842 25153
-16386 23745
3163 -4147
21303 25739
-7153 -27201
-17334 -5871
7686 10472
23978 -5323
-4692 -10958
29297 -26558
-3355 4888
-24271 11491
-1139 -11568
23133 -21485
2167 25693
22340 -18897
-7515 27934
-22797 -4414
-24196 2610
-26255 8042
-20385 -29009
-8874 8992
29894 20357
-29723 523
14953 -19330
24336 -10792
12505 -12183
28065 7659
-25748 -1366
11162 -22835
23166 -4980
-16652 -22022
-7042 -5118
-24548 -27187
20003 -9622
-5916 -27028
-9892 10934
-3340 17869
9085 -10635
-11520 -24312
-10914 16100
-27526 -25232
29764 15176
9688 4551
-26333 27137
-23120 14037
-10552 -10825
-21239 -12075
-25946 -2375
-2983 -6205
13972 -11771
-732 12399
-980 1475
6186 11970
7465 8854
23228 20419
16055 6469
3833 -8243
19978 23000
5152 -2110
19245 -4517
13511 -27008
8384 20366
-26726 25586
-18922 -25795
1012 9271
-29124 6423
680 -7192
2868 -17423
3508 -23007
12004 23808
-20974 27869
-10693 -3874
3160 -3042
24604 28295
25424 -26886
-20905 -8450
12296 10062
28389 -11549
25091 8695
27116 21950
19985 -16107
-26626 9874
-28581 -19784
-11531 2645
12390 20395
1376 -21198
-25979 27153
7661 -25
9430 -2832
-22383 -1072
6795 -21747
-21158 -550
27253 18217
3027 2173
27893 26786
-28446 -10571
19801 -20481
22022 14972
-18901 -4432
-10955 14714
-15443 20054
6634 -22311
19868 -11981
7548 -1847
-13239 10255
-18079 865
-22947 1377
602 -16208
-16557 27872
-29223 13722
-25174 23005
9668 19060
-29225 2247
-19087 283
18363 12848
1746 318
-6768 29372
-174 6020
-7928 -10185
15802 -27537
18101 25203
9152 -23161
25634 -25872
15275 -16825
12536 -29214
-27590 4449
4714 -29465
9430 -21280
18097 -18033
-25501 -7984
-22511 -27411
11338 -18509
29636 12110
-26079 11801
-4431 11616
16212 -8593
27262 -18300
10283 -26359
4339 -11438
-3470 10085
25823 20001
18409 -17312
-27207 5342
19747 19874
14669 13654
-10744 -3597
-18300 13167
6077 -17008
-25688 22679
6524 -21565
8487 -27109
-28943 7124
-4866 -18608
-28862 -10582
2857 -27990
-8086 28820
1290 3968
28142 10526
-1285 -11984
-14166 -26806
22548 21325
-22967 -7906
14623 -25897
4202 10771
-21779 23520
-5584 -17466
25277 18515
-25061 -21011
-23260 10121
-27478 10519
26336 7541
-12317 -16076
-12301 1403
-7892 -2740
18924 14558
-4658 -1837
-1578 -10167
-3682 -22650
16472 -23951
13404 15801
-2448 -29405
-7648 8384
676 -29715
-14405 17776
-13147 -20053
-29482 -1910
3039 -8755
-10138 27919
-5039 -18264
17 11347
-17777 -29257
-26791 -22097
25852 -21031
-9299 24844
-23140 -26304
-22775 -23344
-3753 29567
-15790 15303
12723 14945
-2288 -26484
5117 16490
9561 10387
13480 -4167
15696 -2135
9596 -21428
15561 -4200
-1238 16867
-19826 16517
8273 -7554
-10039 -11494
-24739 19680
-29142 13153
-22184 13091
8103 16370
643 24022
-4225 5778
12050 29219
-25283 20448
1233 -19722
-6280 -2910
21221 22445
-16344 -20137
3633 594
8204 22863
-21425 27362
25229 -10187
5180 -10114
-8571 12799
-9554 -2213
10077 4283
9953 -7282
21826 -3546
9489 -24228
-10356 -3793
6530 7852
8546 22717
27320 -25644
-3426 704
-11197 -16954
22025 25189
22343 -10302
24813 -28531
-28060 8155
-12433 13609
-15599 28663
14428 15683
-1016 29142
673 3203
14163 28598
2410 29136
18058 26485
-10262 -21705
19711 15615
1535 4359
21478 -19249
-8375 21631
-14972 -8928
18352 6925
-13248 -2372
-18291 -20231
-24497 24163
-24984 12994
25192 -773
15536 -1449
17255 -6499
-3164 -24209
-29087 -14199
-17110 -17133
-21258 13576
555 26227
28478 18357
25059 -4486
9057 24733
19034 -7565
-28881 -24592
1764 -17690
-28879 -14723
-5245 2311
11836 -16962
-8152 19962
26059 -1243
15553 5470
16401 -15906
-10867 -21113
4989 -18567
-26545 13867
19900 -21872
29644 23654
19717 -25531
-11297 -12133
-13562 -28347
10772 -25276
-7068 23840
-3101 -23496
-24926 -161
-325 7926
-340 -585
-7031 -14907
9814 14285
-19982 -4033
10247 13978
-20245 -359
11149 -17266
13910 11351
-24390 7434
-15227 20550
17033 19778
21194 -3079
7293 -29065
25188 -14163
20950 -15901
-11063 24503
-7110 -29557
-15783 -8796
6728 5316
-11805 -12061
-5871 -15796
12439 -21139
4557 24911
-12004 -18579
-13607 14042
-19556 10958
-3470 27510
-257 -12582
-8053 -11378
-4563 22234
-13675 21400
-868 24297
-29964 5020
18947 8995
19619 2368
25756 -8400
-24771 -1158
8379 11577
29802 6695
20877 12672
-5710 28087
-13921 10907
16219 9200
1991 -19550
-16611 -22563
6561 15955
11929 1556
6413 -15382
15725 -3192
6228 22737
-29181 27586
-2736 -1074
-19124 22835
5132 -3024
-19855 -29399
23250 -16793
-26230 -11362
4079 10412
-7566 -15136
-17721 22702
3066 -15822
2013 -3868
17853 10344
6388 -1677
21501 14410
25393 -6403
-13145 8293
8241 -4436
22953 5315
-11668 -18753
15340 8905
-15545 22188
-22675 -19928
28946 -21528
-17497 -20
-2770 4058
-7632 -17301
-22474 -20860
29828 13879
-9447 -22590
23744 8550
-21185 8390
22389 9581
693 23372
-16056 10785
4314 -4256
6987 -16212
7052 -22993
-1458 16633
25967 29440
-14035 -5508
27737 13737
-20925 4933
23741 13044
-16743 16157
-21169 14402
-15929 28124
7386 9021
9392 -6277
-6371 -5678
11922 556
-6533 -12423
3341 20620
16789 27062
-28946 -5990
2531 11852
8560 453
25070 -12457
-26129 -4641
25870 -6641
-15460 -17395
3727 12080
-17392 25410
22891 -19244
3699 -6151
-10810 27855
15166 -8209
-594 -13358
5875 28640
964 1456
-25214 -1095
23554 10237
-6699 16672
-23156 -3930
-25074 5990
19341 -3683
-7712 -4738
5569 22457
11305 1730
-11791 -193
10235 -1293
-22937 -11840
23712 -1363
5370 -9221
-4418 7962
21777 -8353
-7864 29462
1701 12113
-1717 -16982
22130 541
-20699 17514
-28241 27597
-21844 11558
960 -7942
25988 -18050
11807 -26791
24877 19746
27597 -6308
24681 10520
-22913 21566
-28186 5435
-565 -11184
2505 22165
9451 15433
-14105 26944
-29151 -28825
8715 -10659
-15723 -10520
13365 -12105
-13969 -509
12654 16469
24606 20412
18319 -14127
5143 -26862
-25915 16804
-19897 18662
-10870 13734
-25609 -16752
-12736 1749
20570 26967
-17141 -21149
4513 23291
-27257 7851
-25583 9780
-3260 8617
-23198 21432
-9326 -4268
-22669 555
-18182 -7028
-18767 -11366
-13704 26782
-5650 22747
-24190 1126
-24766 -18911
13570 5589
-24143 17440
26937 20012
4944 -29652
-10383 -14011
-5268 -17185
-11378 -20049
-7424 -20941
-15903 -4493
-16418 5372
-23505 -23727
-26630 -10340
-6332 2683
21362 -5995
906 19239
-22443 6477
364 -7247
-18229 29318
-15460 -21470
14793 28777
11777 -12132
-28792 -16206
-24919 -25067
12653 -24485
8990 22092
-14487 9847
16850 -24436
-21928 5499
22864 -21736
-6293 -3375
28772 11343
28620 25096
-6956 23204
-19030 -10594
-7137 26368
-29371 6252
-11545 14405
-4678 12059
17695 -5648
367 -29229
-3920 13281
-7742 18683
-8543 4106
-18318 3676
15281 19897
-25761 29170
21561 -1598
12288 -26470
-29484 16368
7558 -18854
-8958 1687
-17853 -13023
-25613 -23163
8401 -24125
-24964 1782
21307 5704
-29951 -16606
-22767 -28624
17110 3639
-13371 12280
-16233 -27627
-18151 17333
15314 15550
16703 2543
-25811 -26854
28392 -1621
8852 -8934
24279 7879
20393 -28413
2516 -22
-14515 12099
-13336 13654
8986 -9628
1219 -10454
531 -16683
2794 -29571
-28343 -344
17970 4177
17415 -20885
20418 -14936
7466 -22563
-17551 21660
-5705 -25160
-16744 3451
-23416 -13100
-3314 -8364
-29655 24787
-13957 21142
13401 26685
-1895 17249
10059 5512
12598 25010
28745 17949
10242 -15968
24051 -5290
-17089 -26346
4050 -17034
-3748 2743
23894 -9916
-29818 -29530
25246 -19208
14164 -19223
28007 1365
-11092 -1501
29957 -8416
25627 -4965
9240 -29131
-2009 20795
-20674 3563
-19246 21658
-4250 -42
16145 -21691
15118 -6373
-20267 6751
-492 11457
16671 -15332
-29178 8605
5914 -279
-9022 -2064
23543 -22989
-22927 22805
-2310 19590
-26768 -16169
-7551 26863
-12507 -5509
15007 15813
16666 24909
-22566 -19549
-26827 18424
2430 -19674
24314 1198
1598 -13001
24192 -26901
301 960
-16344 -16825
6667 -16679
-14069 -26325
-22588 28100
11955 13924
-26774 -27906
28819 -2416
-8315 -26061
-19394 11143
-22839 198
-29657 24653
-12484 11298
-17376 22213
-9119 25576
10781 -25326
6775 -9071
-6594 -12329
-3514 17708
21114 6567
-27311 7618
-4248 2153
14817 -10703
18829 26139
-18180 3156
11022 8652
7581 -18546
-17330 -7113
-1508 -5795
-9290 -1060
27391 -17367
-1270 -23113
-20232 -28615
-21068 22849
-24761 14824
-5984 -7826
27103 -21509
-20413 24469
27376 -29228
7183 -14143
8441 -26639
15001 2029
26167 24658
-1943 -10541
27686 -14442
-27900 888
14836 15062
24169 15010
-5043 -9313
-12683 -9387
17445 -23116
-7284 -3163
-798 21844
-16280 -26084
-22714 -21824
-10896 2959
5105 8878
-9518 5158
-2002 18512
-13830 -9398
-19468 -235
-21302 15380
6205 9797
-2339 -3836
-15011 -8861
14170 -21680
-7476 27463
-2663 -7303
523 -24138
-132 -22998
-21598 8662
29586 -15063
1000 699
-2252 -17365
-6415 13993
9095 -24803
8034 19615
25434 -7251
25087 25185
6926 27663
-26619 -17688
-14571 29973
-11252 29076
-28939 -16499
-27805 6518
-24109 -2195
-609 29688
-29714 -5946
2936 -2017
25607 829
3302 -25523
24653 -28375
19331 12832
29127 14364
-20565 11561
-2186 4673
-22780 -15116
-10834 297
-8328 -18416
-1350 27026
26405 4587
-12011 4459
15150 12731
-13436 28455
24882 -24318
-6086 -1112
5523 5701
-12408 -13401
22992 3918
-21601 -13177
13214 -14907
4607 -19074
28542 -11667
-1190 -28939
19816 20076
-9739 -27381
-1757 -22161
26508 9166
-13171 -11557
-9873 7142
-13553 -14492
-21265 -28373
15743 -7603
-1261 -18596
-17258 7293
-19731 11897
21832 -27313
29980 5800
-24428 17940
-12644 19937
8194 -25274
-10353 -7596
16673 -8549
15070 -20292
20125 -3681
24481 15449
-16893 14812
-1416 -16242
13780 -12716
18865 17667
6878 8465
-29039 9668
6830 -10604
8622 -5614
-11506 -18351
15724 -25239
10515 19626
-2201 -10733
17244 -29118
19274 -20840
-8284 22166
-23869 -5110
22056 15406
-13289 23979
47 678
1691 26710
-10448 6579
-2391 -28742
-22137 -28609
4212 22148
6294 10647
-9146 -14439
16615 633
3090 24486
-10289 26047
6114 8745
13380 -20111
25517 7485
14909 9648
-29886 -14131
6383 18399
28077 23319
-6198 6420
10634 -17154
28109 28176
-14821 8012
-9692 22051
10121 -16413
7108 -7911
-21363 14384
10250 -18410
26879 -21727
-29668 -26980
6642 -2152
-14752 -11149
-15476 16805
-5734 -4892
12852 -5882
16801 -19297
-29270 8093
-14624 9938
-23076 23717
-19448 -14256
25921 -28360
5191 -8628
-6782 -8740
-11276 12173
19724 28484
-15915 17694
24196 -26622
14278 -22489
-2104 22692
3013 5940
-13946 21232
5015 -18583
-11253 -15026
-2275 -9034
25107 -8183
-22353 17087
-15436 15517
17192 11844
25614 -21059
5820 19238
-6264 -13859
29645 -13864
-19912 -29759
-12821 6811
-4951 5066
-149 -11539
-22863 22815
-19974 -22500
15848 -9291
-19606 -14768
-1358 -16695
-26221 7483
-27560 -12370
17010 -20687
-3575 22170
-19631 -18058
338 -3796
-19761 -10862
21317 -19136
-9834 19383
21235 12048
-6031 -25713
6646 -11485
18608 -9875
-29063 -7675
11863 -634
9709 -24544
29511 19759
-11582 4637
21547 -5973
-20543 -28252
15760 -10853
-15374 -20508
33 -3888
23166 7398
-5761 22987
21943 -1069
4380 -20919
-9025 1478
-14238 -3378
-16499 2418
-16995 -26628
-3538 16131
21353 963
25580 -12655
16295 -9102
1840 -1110
-23686 20264
3275 -8852
-18083 -26512
-11956 -4520
683 10103
4051 -24506
-20493 -2027
14303 -23776
1728 14268
22256 18303
2768 2297
13256 5924
1278 26855
-28962 21577
-28469 -1608
27904 -7216
-273 29720
-18546 15255
25259 14686
18496 -26761
-21420 10038
9191 -24404
-5651 22046
854 -24843
13436 -28945
-17820 -20042
1465 11551
26338 12633
-4181 19581
4201 -29152
-13993 -24681
4249 15183
-17185 -25244
14802 -6345
-22053 -2404
18758 -13507
-29342 -29943
4168 23903
-7719 23194
255 -29685
21806 28426
-2614 9739
29411 21885
3158 20987
20664 -7230
-26532 9811
13320 -26488
-22433 5680
-27363 1554
26360 12093
-15936 -9029
6850 29781
1161 -22852
4381 25150
6440 27165
8338 -18335
26649 -16651
-15634 -28414
18288 11540
-17089 -2836
13916 -15824
24282 -3590
28246 21726
24300 8381
26843 -22186
28401 -27734
-23713 506
13914 15667
