1500
1393 -18258
8263 7331
20570 25309
22932 -4429
14986 -18339
20021 1773
13479 -2746
-25571 -28699
25220 16122
-15467 25810
11370 4506
-2889 4214
-27054 13216
-13905 21031
28268 4015
-28368 14720
11629 1725
18195 21130
-5412 -27094
-23559 -29739
-9394 -390
-841 21556
-29396 11753
-16424 -9325
-9736 -15287
-27854 6642
19808 3168
18159 -8737
-21213 -27453
-24204 -5493
-3369 2397
19941 -98
-25535 -27450
-26174 -23763
-12393 7449
13038 -22842
-22100 -6651
-18811 -24572
24425 -25293
-28063 -24220
15224 18827
7491 -8339
-27629 26532
5574 -20390
-8878 3979
-9972 8764
-23923 -9261
21601 -16372
-16226 29092
8080 12199
9209 -4101
26425 12700
29372 -29762
3828 22136
9798 -24273
-21309 8059
11745 18201
16992 17526
-16260 7318
13931 14598
-6389 24057
-4591 27372
-25002 8098
-10079 13704
23034 -3110
26447 11811
-15263 7728
16055 -12689
20640 -6655
-14968 18221
-10953 -3049
-1583 18846
-8831 -29948
-23192 2290
3439 21518
19913 -662
-22476 24932
-2085 24974
12484 18164
-29726 -28969
-10379 23676
-24742 -8453
-9199 2249
-10907 -28906
10076 17843
17303 7563
-20683 -5686
12381 -15487
549 -29415
-14352 15435
29748 6408
-16236 -2867
-21509 18516
-19585 1093
-4939 138
-20449 15805
27171 -27658
22038 19914
24046 15446
-6451 -25283
-18674 6402
-3734 -23301
-25346 16038
-1274 -14470
14771 -14647
14138 16653
-24461 26779
5414 -29046
7621 -14504
12748 2055
13205 7948
4034 14239
14604 4472
18992 2749
934 -17285
-15056 5231
9850 -5736
7387 -20821
7802 5394
-17396 25699
24482 -29818
29490 -345
-17951 22275
-12080 -27039
-15451 -14060
-20361 -7601
26640 -26061
6445 -17779
-22307 -19503
12528 10318
-7389 5129
16968 24210
-10057 20923
-2784 -26906
19201 -6034
-5117 -20863
-15481 -5063
-4245 9725
-7408 -22166
-14726 9217
-18256 -15413
-15972 -8169
9263 21659
29700 16745
15450 -14233
13717 24319
-8513 -879
-24279 21213
-28869 -13946
-16601 -27515
27129 -10517
-1032 -10021
1954 -22622
-23480 -6163
-18455 10102
11000 10420
4965 244
7750 -1314
-28666 -3658
-27059 -25085
14651 3224
-28510 -9052
-12656 28797
27771 -26929
-10991 -13670
16123 6145
-17029 27132
-17675 -7997
-3233 -24911
9357 1872
16506 -12473
4987 -24256
-5848 25880
15447 7584
-20222 -17204
24371 -10216
16781 13285
17385 -25394
16215 -24922
5947 23530
16573 10825
27501 16491
-14625 17169
26496 25513
818 -14488
17977 -28871
28691 -25499
-26803 -24316
-25113 -13770
10534 -27396
16270 -10826
-17102 29078
-22178 14169
4885 -29178
11692 18651
16594 -11087
-16482 4023
-16529 -29821
-4681 -1402
-25671 6510
-20013 -19662
-6125 -10503
-1898 -28474
-8496 -28456
-14764 5194
3333 26134
-20383 -19984
-21281 1692
13439 -24442
1798 -27353
1119 -29521
4547 7821
-22628 -8020
14438 -25063
-14123 -21581
-29154 -18032
5000 -9459
-14267 11928
23990 -15149
-22801 23048
7734 18350
969 20784
17193 -3575
5749 -7959
22764 19323
13449 -16398
-23943 -11490
2456 -24330
-19504 19974
4812 -19645
-26863 -27882
3493 -16559
4951 26298
11129 -27663
24140 -14560
-17079 -19898
8841 9699
23263 -19440
26589 -12253
-23480 11721
20833 29039
-4042 28768
-27481 158
-18017 3468
1097 25260
-4204 3913
24189 -2965
16253 -7504
-1404 29173
1143 -463
11737 -4035
114 -19780
-24078 25587
-4291 -14424
-28276 7605
-10989 -12100
3126 -26236
25591 -18871
-21157 25389
-9437 -7476
8013 22920
-12051 14983
-29020 -2076
23696 -4672
27237 14109
-8924 -29661
-14454 -24652
20661 -24050
25225 7872
5770 27848
11320 3612
27487 26914
11565 -24631
2032 21801
5465 -21607
4074 -28578
14985 23202
-3891 -29400
-23344 10369
-3203 7200
-2533 24213
-25882 -17545
-6996 17146
-14639 -741
-17055 -27404
11504 -14153
24618 22188
3752 14584
-20574 -10193
-5644 11749
27860 -9033
16077 -29003
15826 6702
15828 3917
15551 -7323
-6347 -1893
-13945 13959
-1718 -15076
12890 -14858
9942 -5830
26708 150
14275 23484
-14565 28260
-23967 -19112
11068 22947
17727 -18297
14932 -13852
-20108 6956
-195 24348
2012 -21406
-14315 -806
-28007 -7229
-8815 26725
-15415 -24081
-22920 22728
6825 13867
-18928 -12853
22123 -14762
11601 -18907
12890 28483
18524 5180
-11875 -15317
10907 10757
10492 -5753
8539 -23870
-19578 -24686
-18911 15070
19517 1350
-4576 21927
28788 -4709
-25419 -22358
-2109 -3492
-26947 21232
28335 22936
-2880 25405
10986 -22678
-14984 23892
2619 -3601
11269 16783
-19377 7035
-7706 18185
-2624 4697
-19339 -7421
-7243 -10475
28348 24427
27311 6130
-16796 -24942
-21272 -14125
5860 28569
-8135 -28615
24647 11413
-5740 15664
-335 21677
11295 360
12109 -24763
-7294 -4844
-25473 -15489
18686 -18517
-26795 -16887
3202 16082
27672 -29642
24013 27491
-5486 18748
-8987 -19833
-619 -10795
-370 3951
-24688 5068
27177 -1573
-6588 -175
-15816 14855
14683 24820
-15835 24071
24178 9670
-17591 28000
18976 5778
-7266 -4126
16087 10129
20929 -14628
-3746 -24118
-12537 -14602
-21763 -26597
6861 15069
3869 20301
-845 -9053
-19507 -25528
-2407 -5118
-26444 12671
16184 4075
-24948 -9381
25635 4379
1615 29899
-3207 19301
-12300 4360
-13470 28478
5165 -20711
-27523 15283
13684 -21976
20354 19367
-11053 16385
21260 -10314
-11731 27965
24520 11716
-27667 13864
-17625 9538
3458 276
17143 10719
-22169 9932
63 22383
-24023 18882
-8859 711
-13877 5884
22851 1093
14108 8115
17187 -29808
11122 5146
-14964 -29059
5275 2822
21328 28638
19944 14327
-22588 4033
-4682 -12774
10180 -21181
11160 -16093
16659 -26487
-7189 -20029
-29853 23511
13938 -11074
-1089 15276
1095 -19827
-14249 23788
22237 9681
19864 -9081
-12331 14225
14848 -22983
1664 -26196
-14606 3776
284 18029
20060 10964
-11538 21828
3202 23924
-24775 -18870
-23950 -23687
2516 24533
6757 11813
-6783 10645
21315 18792
-20935 -14469
-24375 16675
-20338 19449
2248 -12240
22298 -6430
-8161 8419
-23066 28419
13336 -4243
-15388 -17675
-11469 2943
-15675 21969
11758 17871
10515 -18971
4218 -10856
3423 13205
-7465 22843
-23283 -5905
-21502 22883
-24038 24021
26281 28335
-27443 24589
-14215 22350
6780 12352
-5048 -28044
16800 2915
20204 -4024
17063 27541
17081 3996
-3805 5976
13415 5349
6692 -23819
-29871 -29301
13836 -17112
3994 -20512
-9874 -26622
-12193 9029
-18154 -22080
11675 -6398
-29559 4850
-24728 -7273
-8283 -3754
-18204 -9751
28886 -21476
21723 -23456
23030 13324
-24766 20397
4543 -7847
-25305 -4867
2412 25393
10099 -18871
28443 -10829
12069 -20733
22002 -13138
-483 9472
-7508 11710
18958 19368
-29659 -10251
2919 5805
-162 14064
13998 4180
-18978 -13790
24582 -871
24946 19879
20263 17324
11215 -16660
25437 28877
22014 28130
-18789 -24674
-19750 19836
-3841 11151
-21934 5343
10773 -25527
-24704 22330
291 29597
15447 -3531
-11238 -9125
-19172 -12750
20361 -5941
6094 -13845
-242 -3246
-29525 -8399
-29758 2695
13234 29673
-27887 13766
-24717 20091
12603 -19144
-27428 -2125
509 29273
14176 3705
24675 -17385
4239 -25613
-19286 -17569
-22824 1104
-10850 18472
-6138 -346
15914 -21956
4607 22893
22281 -27754
14714 -20818
10626 -5441
-11846 -20412
20069 17522
21188 20582
21801 26517
-11285 -25099
-22918 19548
16714 -6073
1519 -10579
21317 -1520
10602 11028
-25725 -14104
-8498 18261
-16961 17948
-2682 -25474
-26805 -1761
-5004 -4307
-25560 -10720
-3813 -8873
-4335 -19351
-11981 -1703
8828 -4907
8456 -16662
-5331 6303
-5569 23464
-11219 -24780
-18456 -11526
10380 27991
-27875 -4824
-15909 1701
-27795 -24076
-13215 -14005
9493 -15217
-10522 27579
12834 -26263
-4409 -22778
-21858 17257
-23778 9406
-13116 -25867
-4726 -26281
16417 -21410
24676 -1402
-657 25958
-8046 15098
-22862 10996
4564 -26983
-5591 27708
-513 23198
18481 -29423
17806 10406
-1558 16315
-15421 6025
-23788 -15364
-9341 -9558
-22781 27331
28725 21822
-25054 -20012
25777 -23329
22621 -7953
7976 5929
-8697 6104
-3507 -26311
6395 -6249
25563 1161
-16452 -12705
-2222 12877
-25350 22626
-14903 24869
9140 -18156
-13852 -16760
2574 -6482
-8821 -15818
3735 12085
-14086 -19804
-18424 -11496
28755 -22049
-22575 -9789
25432 72
12873 25177
-8889 4489
-3823 -19711
-24960 3013
-29680 -18206
-21994 -29445
-25718 15959
22985 13397
468 -3578
4224 -15298
-15192 18972
1671 -29453
-7116 4891
-5137 -1501
8195 26024
13119 -26740
26815 9175
21648 29985
-23427 17858
-10455 20073
29200 5425
-19981 12530
23253 -7243
26544 -25629
-288 1785
-25340 -1506
-20928 -19646
2842 13125
27361 29062
-13139 28932
-6014 -22575
-14320 -23291
17221 20753
25482 19046
-1329 12968
-12573 -9532
26508 -6463
-4288 16983
15209 491
2847 -17062
-20708 5105
3827 -19039
20162 11541
14100 20885
4096 -5752
28783 -2077
-23004 -24563
17845 -125
-28220 -10179
-1727 9769
-27 19479
-17807 18529
5360 -17113
28620 11946
9241 -17080
-9356 -16253
-14602 -26794
25294 -9464
-269 14954
-17445 -11391
8222 15722
-6509 -20432
-3364 5789
-27284 28236
26153 -17636
22648 6373
4031 19437
19268 563
15340 -22720
28483 21813
23841 -4568
27395 -11388
-14293 -19229
-28707 11910
6343 -3415
28310 -16846
-21311 -6973
3374 -15450
-24862 -14358
-24682 -2257
2205 29405
615 10951
-11380 -26606
12610 -16490
-4176 27010
-18202 18780
23025 29646
5627 11700
-10383 -19607
21244 -16821
-25279 -18057
12496 16058
12189 -6992
-27467 27364
-9344 -24289
-2651 14975
-8324 12521
18321 7652
-294 20424
14938 -18599
-8775 14648
3701 26102
-4263 -9891
7575 -1210
25222 5960
-7542 -23561
15206 18046
-26773 26738
-28094 21705
-16279 -23436
25150 -5120
-18868 27645
26597 -22068
-10018 -18899
15952 -10123
-23801 14758
1882 -5787
-8183 9063
1822 29001
28298 -14594
12450 25722
13297 -5377
-9234 13084
21091 -2849
-26385 -9381
1392 -6551
-10245 -28024
-26815 -12220
-8932 18380
29900 1035
-14872 -332
16435 19941
-9368 -11313
-21367 2776
-1201 -9709
-2121 28328
-25694 -24812
876 -5618
2622 15354
-14762 28323
10289 29911
21698 -25950
-22314 -10770
-3963 4270
-25316 6350
13215 23426
-10944 -17420
26559 1852
19907 25218
-6212 -25953
-7962 11819
16064 -13671
1003 25458
-2438 28134
-14622 -9273
19885 369
-19715 -24412
19912 -19526
27810 -28625
28918 8485
2884 28752
26070 29498
3147 -17707
4157 -26252
5359 -25978
18040 8057
-2292 -21195
-4988 19049
29762 22900
12387 19496
-3743 -1344
-15526 -22340
23355 421
20160 -14040
-11825 13601
1672 19952
-19215 17577
9029 12179
6680 11706
-29354 10614
-10323 -694
29975 -28439
20073 21607
6976 -2941
13857 -21928
-9888 -16160
15849 -16320
-12066 -15418
-22067 29170
21845 25635
29042 -18801
-15442 10337
-24908 -25728
-19027 -26988
-15861 -15607
10179 -16175
-26401 15075
-8589 -28154
27501 1255
6027 -23311
-29547 11687
1481 -11716
18591 -12061
-16341 -11363
-8782 -28560
-18317 -22580
-25504 -26368
19996 4833
-28037 17607
-29479 -8369
10714 -26121
18002 14070
2884 2010
-15251 -18850
14517 -29784
-15138 -22407
-12130 -10298
16869 -11860
25232 -27113
27604 26157
12480 -1864
12930 4837
24056 -29187
-14656 12557
-23236 13848
-275 29157
-11869 -18257
-10638 -29756
-17991 -17216
23551 25837
17630 -21804
12234 -23255
-20203 -23108
-1039 -24039
20676 -29587
12880 4826
7703 22266
2671 1635
-25019 21989
19952 1757
-17595 17626
8727 16770
-16519 -10153
19265 -16140
-9519 -617
4145 -5309
-21690 -6338
6686 -2228
-21470 21898
19167 20272
-8296 28241
-10020 6561
-22326 -3306
9850 2484
-28442 18392
-3827 -16441
-11149 4534
8297 -5941
11 11434
16661 -20540
21849 -22235
-26173 27709
-7070 24845
18768 28868
-25335 -21522
-17565 -2225
1498 -10979
22905 16621
5066 28836
7780 13620
3477 18229
-22543 -12686
6291 -12275
-29923 -1260
14219 -946
2442 -3456
13741 6710
-10792 -13627
-14024 -22222
4274 3085
-17717 -26481
-20595 -4945
29850 -17274
-18132 -4488
-3580 -15940
-21445 5329
13866 -14789
-26480 -6260
-1257 -27431
13678 3457
-25357 7351
-6909 -19017
-8946 -11211
-11002 10904
-6770 15469
-15771 -29184
9354 2365
6974 11468
9142 -10342
-10698 25239
21654 -336
-890 -29586
2497 -25232
-25311 -4005
-3199 21169
22249 15161
4301 11900
-12473 -5543
25516 1759
-9630 28517
-6666 -18182
-28622 -18996
-4973 15076
9060 -8707
14779 7824
-6849 29955
6044 29549
22015 15111
-3117 1985
26526 29786
18733 -3462
3312 13460
-9932 4756
-23119 15262
27501 -27590
20517 -9839
-10148 10084
7686 -2688
-2253 14665
-8484 -29443
-12498 6630
-15405 -11443
19079 6308
-7258 29199
-12416 -21653
27568 6900
-16480 22514
-11484 19162
-23258 -15152
-12712 -27465
21450 -18820
-29348 5618
-1437 -18935
-10728 12557
-25723 15184
14850 13283
-10536 -1202
25362 -28516
-1445 7974
-23436 1806
19968 -29824
-24179 -20537
-17409 13192
18004 26251
1199 -24895
-29833 4830
-9786 13105
26791 21470
15456 18584
-19593 -20425
8108 -15186
17997 2115
29045 14581
930 16839
28454 -4717
19705 20476
29423 328
-26227 4820
-12538 1473
318 24661
18997 26349
8747 3758
-3904 -24162
10621 12676
-23509 -7626
-15892 2261
-10884 5060
5505 5377
13386 -14835
-23917 -24303
11553 12805
-19990 13318
-26130 7646
6713 -18692
24883 7386
5738 47
-28153 -21089
4725 8575
-26065 -12976
-19483 -29461
-9276 -17551
17343 -10040
15748 -9602
-22114 -23243
12151 -7238
-22562 -18056
-17465 -28583
9554 27062
14297 -18718
1843 1921
-16098 13158
-272 15383
22183 -15838
-21236 3498
-20149 8674
-4843 -1826
-11676 -21222
-380 16611
-27246 -6996
-25250 -15749
-26023 15649
-23530 -6084
24839 14690
-7866 26925
-28957 -2017
6131 -11221
27549 4144
6720 -7181
-22851 -13519
22532 15421
-16716 2162
-3561 17449
-28442 4760
2596 29234
-6979 3927
13332 -25721
-25552 -18640
-14734 -18743
-6036 -27512
-19039 -26933
-9069 517
4456 -15689
-22895 9298
-3525 6474
-16750 -21041
-12181 6220
-10300 -1422
5677 -15112
-17596 29662
-2329 12325
-2902 699
29879 16752
3101 260
-26850 -2986
-2133 26704
-21992 -9051
-11295 -28377
-21865 -16293
5342 23840
9193 14754
22512 -24850
27581 -540
-25440 2221
9614 7553
18261 27964
-27186 -8440
-3793 -14117
12547 -10108
27589 24983
27004 -23348
-23494 17888
19380 -2280
11302 15023
-14347 10837
18808 -24410
5757 2106
-10128 27518
13571 777
14556 -16571
-15001 -17632
6533 -19477
-10759 -14800
-231 -21350
18274 6207
29303 -21116
20817 5262
-19984 -3944
-6677 -15530
25815 19501
1101 -17023
16462 -24653
-16778 -599
-9167 8788
-17185 21213
1153 17646
-3311 29576
-15502 11715
8510 -20249
27869 -2043
-14225 -20667
16312 26708
-6695 -18241
13301 -8011
-12052 12399
156 27667
11318 14493
-6303 1479
-21027 -6907
-4482 12796
5555 3149
19090 -4225
24694 -1651
-22246 11730
2335 824
7992 23663
28294 19595
18412 -19780
-15068 -22163
-8755 -10752
-22192 -5624
-5062 -4373
8538 14429
-29332 -18373
-17064 18736
-3403 -27055
27430 -3940
4880 14323
-6611 -5266
5375 18127
-23651 -19891
-9761 -27693
20253 21282
-10837 18384
16076 2246
-373 -12632
-11934 27899
5803 14590
-13118 -12692
7613 13482
1977 2484
-29275 -16759
-15955 967
-10475 12348
-18828 -5013
-6300 -9218
-16643 17957
-18618 -11426
22152 -25133
-27329 -20425
-14039 -14329
3457 -7092
-7750 -15287
-24023 17441
9750 -14388
-23969 -26219
-1863 9111
-10766 -16952
4605 -18977
29486 19643
-16344 29032
-16299 -20929
-25639 -18478
-16574 6424
27014 -12865
24569 3732
18326 10611
-13524 -12906
-12347 565
27594 2967
-9816 -21272
-22583 27463
-2757 24670
-24753 -2689
23314 -27592
4115 -18098
-8862 10393
-21694 -23351
-17303 18170
6320 28341
-29672 -8578
29872 -20338
27332 -7555
-6406 -14930
17144 22192
533 -16210
5448 11826
18593 -19340
7608 -19137
-13915 -26784
3873 24543
-29987 -13201
-28686 6511
25683 28677
-13134 -19720
13174 10180
-9125 2169
-27544 19301
7811 18704
28771 11394
-24974 29858
21101 -3275
-20452 -6732
-22404 -26933
25307 -9564
-19327 -13951
-20993 24312
-12349 -6182
20114 -18659
-21118 28914
-25773 2771
-18333 -18268
7705 -1909
-10606 13089
19932 13553
-21255 -11331
-26771 7653
-9373 15645
-19865 -2582
-1580 11735
10080 -4143
18479 19385
-2054 25008
-14516 -26712
10737 -17089
-2152 3362
1074 -28
12726 -7338
-16190 1474
-7780 8291
-29014 13067
-15191 -990
-29903 -21480
-22662 8799
23916 22759
-27575 7857
-25854 6262
-22276 -1181
-4796 -5196
6097 19351
8150 16408
-2445 -16628
2212 28174
-28613 -433
-27597 10093
-24575 637
13243 20098
10091 -7614
29043 -21428
20560 16933
-11645 -11615
-12099 -12752
10365 -29208
17882 10416
29991 2742
-1313 -864
24749 29246
-26286 -23725
6543 26938
29091 4633
9947 -15994
-19294 -10049
3217 5071
-11235 3316
-13205 14206
22690 22669
18418 13399
-26402 25579
4820 10753
20972 25042
-21729 -11774
27158 21893
3416 6111
-9610 -11421
-16068 754
10259 26619
13363 29064
-14929 -15230
24581 4784
1006 29521
-807 -3978
7229 3921
5339 7801
-17384 -4691
13622 -13056
21133 -16569
10505 25149
-15705 21363
6593 26634
20937 22806
-2036 -19785
-18912 -9973
-21383 23275
2096 -10967
-21790 11577
9944 14412
-378 -11703
185 16807
25132 28882
5838 -14008
-23742 -29798
19356 165
-15914 8358
-17624 24267
22934 18352
-28579 29939
-4723 7589
-5776 -13396
-27488 7019
8718 -3165
-26909 -9339
19722 -13355
26587 -1082
14013 -25937
-14298 28771
-4946 9086
4100 1204
-27259 20405
-23406 -1772
-18524 -8443
-19821 -29125
24636 -11912
-19625 11691
-17684 -20452
-25669 -28422
24692 -26490
-11669 -6395
19658 24971
25244 -2401
15990 25346
13700 18471
14925 -6310
-5709 -14300
-13022 19048
22460 24424
-13853 -13604
-1815 15897
16393 -4548
-9467 18115
21278 2074
-6538 13869
-7736 19629
15103 -25187
-9967 21313
28899 3846
13871 17514
2239 -28989
28397 898
-18482 -23722
-21258 -21036
-15422 -6230
-25333 -3627
10827 907
29592 23146
-2770 5986
28511 1987
22171 27293
-530 -24029
-21870 13672
11177 -23918
-20837 23970
26719 -9410
-10192 -3036
-20518 -19619
-17816 27579
4783 27785
12502 17470
-6973 -21614
2254 -27830
27910 19904
-16762 -6689
-29614 22028
-3646 -25171
-3168 -28427
3539 14012
-21129 308
22717 -8679
25623 -26180
1020 -12523
9829 -2181
-1038 7518
2379 17256
7935 -22336
-24860 8968
-12366 -9065
-26058 15951
-10494 6144
-11655 -7522
23104 -8563
1214 29953
1974 9954
14719 -1458
-11645 3717
8300 28881
19071 -9517
5577 -8754
17817 808
19872 -24214
-19312 -23569
-26275 170
-13237 -4695
815 -14683
8656 -762
4733 3153
5135 -29189
-29850 18368
17610 -17151
7111 13203
2244 9630
-18339 26433
8061 6971
74 -2981
23414 27677
-293 -3412
-22131 15230
-29683 19396
-6346 22762
-27025 -4237
9332 -29223
16048 -29677
18833 24556
-8809 16902
-4398 11214
-25155 18599
27986 13323
14250 24395
5162 17119
3402 8967
23234 27651
-23373 6807
14053 -3544
-12384 18322
21346 -24671
-27272 7403
15429 -26592
6191 7993
14346 16585
-9841 -22234
-10159 -28266
-24564 -24316
-8516 19617
28464 -11061
4933 27262
-27660 -29826
15801 21192
-17437 19535
17812 -10818
6825 20442
26070 1448
14955 2103
-21772 1017
-19669 27250
27186 23008
21859 -15108
-21821 13696
17719 13094
2859 -15084
4909 -27210
-21061 -3303
-271 -28098
19751 21760
-4615 23300
-10581 -19870
4171 19441
-3130 29276
-29330 2699
26246 -11423
-29648 8731
-16314 49
29111 6200
22546 9871
11721 5250
-454 2499
-12641 5841
-16659 -7504
10978 -22745
-18497 -10549
-23736 -12048
-1414 -10148
-10917 -20773
-8742 10591
-8497 -5537
-19309 -26720
-11133 -24259
-25546 11699
7778 4806
16806 2700
29529 13110
