1500
-3548 23660
7733 26772
-21122 18812
-14713 20580
-15003 20500
-967 24372
-12944 21068
-11465 21476
2716 25388
-24022 18012
15389 28884
1875 25156
4398 25852
-12306 21244
1150 24956
15302 28860
657 24820
-13176 21004
-7695 22516
-26429 17348
2745 25396
-29561 16484
-2707 23892
-12364 21228
11126 27708
12576 28108
12083 27972
-21586 18684
3760 25676
4485 25876
-1576 24204
-29648 16460
-16569 20068
8284 26924
-14597 20612
-5810 23036
-20078 19100
2078 25212
-29735 16436
15534 28924
-19788 19180
-4563 23380
-7057 22692
-6883 22740
-7028 22700
12489 28084
802 24860
-2997 23812
-17439 19828
-15641 20324
-5839 23028
-23703 18100
10865 27636
-27763 16980
9096 27148
-4418 23420
12402 28060
-68 24620
10053 27412
-25994 17468
13533 28372
-3809 23588
831 24868
-5375 23156
1440 25036
-12567 21172
454 24764
599 24804
17796 29548
3122 25500
16491 29188
-13031 21044
-20339 19028
-1489 24228
16462 29180
-21151 18804
48 24652
-23935 18036
-19846 19164
16172 29100
12025 27956
-12596 21164
-13611 20884
7994 26844
-22659 18388
-27647 17012
-13553 20900
7559 26724
-25066 17724
-2939 23828
-21963 18580
15737 28980
-2794 23868
12924 28204
-14829 20548
-1518 24220
19420 29996
541 24788
17738 29532
-13321 20964
2542 25340
15766 28988
-2533 23940
14722 28700
12199 28004
-126 24604
9270 27196
-24486 17884
16694 29244
-17787 19732
-2765 23876
-4070 23516
-19295 19316
-1228 24300
-13669 20868
-4911 23284
4340 25836
17390 29436
-23529 18148
11242 27740
-880 24396
18695 29796
10546 27548
7066 26588
6167 26340
-3954 23548
18608 29772
3818 25692
-16366 20124
-19092 19372
17013 29332
-18802 19452
8197 26900
1730 25116
14461 28628
-17990 19676
14896 28748
17216 29388
-10450 21756
15476 28908
338 24732
8023 26852
-17845 19716
-8855 22196
-10 24636
4659 25924
-12509 21188
-2243 24020
-10972 21612
309 24724
-13466 20924
-4041 23524
-25211 17684
-21847 18612
-2649 23908
18086 29628
-28401 16804
-7550 22556
-6042 22972
-22862 18332
-9957 21892
12141 27988
-27212 17132
1643 25092
13823 28452
4775 25956
-12016 21324
15215 28836
-20136 19084
2687 25380
7530 26716
-23558 18140
1672 25100
9473 27252
13475 28356
-23790 18076
-10566 21724
-23384 18188
-13350 20956
-17468 19820
-21035 18836
12112 27980
13910 28476
19275 29956
-11233 21540
-12103 21300
9241 27188
9763 27332
-9754 21948
-25617 17572
-25385 17636
3673 25652
-7521 22564
16433 29172
-14423 20660
-20281 19044
-3490 23676
-24776 17804
-19237 19332
1034 24924
1904 25164
-21731 18644
15679 28964
-18309 19588
6051 26308
-21615 18676
-15873 20260
4804 25964
2513 25332
-17555 19796
-20977 18852
-6100 22956
13591 28388
7153 26612
-15728 20300
-8623 22260
-5781 23044
-14191 20724
7849 26804
16984 29324
3151 25508
11068 27692
4543 25892
-23210 18236
17883 29572
-3142 23772
-9029 22148
7472 26700
-11030 21596
18318 29692
17419 29444
-2301 24004
-9493 22020
17303 29412
976 24908
10691 27588
-19150 19356
3296 25548
17274 29404
-19469 19268
4514 25884
-3055 23796
-2852 23852
2368 25292
6515 26436
-17381 19844
-20745 18916
-9841 21924
11416 27788
-1895 24116
-28459 16788
15128 28812
-10711 21684
-22195 18516
-16018 20220
-16917 19972
-2330 23996
-27241 17124
-9986 21884
5384 26124
14751 28708
-7144 22668
-24457 17892
-18164 19628
-10856 21644
-15525 20356
-25472 17612
-28140 16876
11561 27828
-21296 18764
11097 27700
-15148 20460
-27270 17116
11184 27724
16346 29148
9676 27308
-27357 17092
-20629 18948
-11001 21604
-3925 23556
14925 28756
-13727 20852
-10769 21668
-18947 19412
16027 29060
-2214 24028
-18251 19604
-26284 17388
-3693 23620
13707 28420
77 24660
-9928 21900
-28662 16732
5819 26244
-19208 19340
-22137 18532
-26777 17252
-16192 20172
-18686 19484
-15786 20284
-5926 23004
1295 24996
-532 24492
-10102 21852
-25936 17484
-11494 21468
-3374 23708
-23993 18020
-26661 17284
8226 26908
7298 26652
11996 27948
-5868 23020
-12915 21076
-3606 23644
15621 28948
14026 28508
-5172 23212
-28807 16692
-10334 21788
14113 28532
-8536 22284
-27734 16988
15911 29028
13881 28468
-13524 20908
-16888 19980
-19324 19308
16897 29300
-26690 17276
8342 26940
2803 25412
-25907 17492
-9551 22004
15360 28876
-26632 17292
6399 26404
-11784 21388
18753 29812
-6767 22772
-27502 17052
6022 26300
-8797 22212
13388 28332
-6738 22780
14403 28612
-1431 24244
-25327 17652
-19991 19124
16636 29228
-15090 20476
6254 26364
11010 27676
4253 25812
-21064 18828
-11117 21572
-12451 21204
-16453 20100
15708 28972
10256 27468
-20832 18892
-14887 20532
17593 29492
-5549 23108
-20513 18980
-28836 16684
-7115 22676
11822 27900
-11523 21460
-29590 16476
-8043 22420
-12973 21060
-184 24588
-17526 19804
13504 28364
7124 26604
-6796 22764
6486 26428
-21325 18756
-9870 21916
5036 26028
-23819 18068
-14249 20708
-17758 19740
-14510 20636
-29358 16540
15940 29036
-12538 21180
5268 26092
3383 25572
-9638 21980
-25037 17732
-17207 19892
-20542 18972
-15902 20252
-18454 19548
-10537 21732
-1141 24324
889 24884
-24718 17820
-12799 21108
-300 24556
-909 24388
-677 24452
-23616 18124
9705 27316
-2620 23916
-12480 21196
-11204 21548
7501 26708
-17323 19860
-8478 22300
-19701 19204
106 24668
-9812 21932
-8739 22228
-11378 21500
4282 25820
3934 25724
-18773 19460
-28314 16828
-24341 17924
1527 25060
-12074 21308
-6332 22892
12953 28212
-23674 18108
-18570 19516
-26371 17364
2426 25308
-10943 21620
-10247 21812
7704 26764
-14945 20516
4224 25804
4688 25932
-23442 18172
-11813 21380
10633 27572
-25559 17588
-27821 16964
3064 25484
8313 26932
8603 27012
7008 26572
570 24796
-21673 18660
-6506 22844
-24805 17796
5065 26036
-3200 23756
-14568 20620
12808 28172
13185 28276
3847 25700
-20107 19092
-29271 16564
-27995 16916
-27850 16956
-5607 23092
2339 25284
5471 26148
-8913 22180
1179 24964
4949 26004
-29532 16492
5587 26180
-11610 21436
-22891 18324
-20716 18924
19391 29988
-23007 18292
-9580 21996
-6216 22924
-8072 22412
4920 25996
6689 26484
-7724 22508
-7956 22444
8487 26980
5877 26260
9502 27260
-4012 23532
10227 27460
-4853 23300
-25501 17604
13446 28348
16665 29236
18463 29732
11387 27780
-24051 18004
17535 29476
-15931 20244
12170 27996
483 24772
-27937 16932
-28691 16724
-17497 19812
-4650 23356
-19614 19228
10111 27428
17767 29540
4833 25972
-1779 24148
-26719 17268
18289 29684
-23413 18180
-648 24460
-22253 18500
-8391 22324
-2185 24036
-12422 21212
16404 29164
9009 27124
-2040 24076
9125 27156
-24834 17788
5152 26060
14374 28604
11764 27884
-28111 16884
-15757 20292
6225 26356
-25443 17620
-22166 18524
6863 26532
-4360 23436
-1170 24316
-20310 19036
-22775 18356
18231 29668
-28517 16772
-28024 16908
15998 29052
15157 28820
-22920 18316
-24515 17876
-23268 18220
-22746 18364
-26864 17228
18579 29764
-29851 16404
8922 27100
12663 28132
5297 26100
-27618 17020
-20455 18996
6776 26508
-1547 24212
-3838 23580
-15612 20332
1933 25172
14606 28668
-19585 19236
-21905 18596
-14916 20524
16259 29124
1005 24916
-26893 17220
-17671 19764
-25008 17740
-1025 24356
-14365 20676
-13640 20876
-14742 20572
-27386 17084
9792 27340
3209 25524
-20919 18868
-15322 20412
-18744 19468
-17932 19692
-13814 20828
6341 26388
-25820 17516
-12857 21092
-20252 19052
1991 25188
2861 25428
-9000 22156
6573 26452
10198 27452
-1083 24340
13649 28404
8748 27052
2165 25236
6805 26516
17245 29396
-22804 18348
-1373 24260
17187 29380
2455 25316
15331 28868
-6477 22852
15041 28788
-25762 17532
10662 27580
-7434 22588
-6390 22876
7965 26836
-19875 19156
-2098 24060
-19382 19292
-22224 18508
9415 27236
-16221 20164
19362 29980
-22717 18372
11039 27684
15186 28828
-21470 18716
3702 25660
-19353 19300
-21934 18588
-4969 23268
-28285 16836
5326 26108
-17004 19948
-23297 18212
9154 27164
-28720 16716
18811 29828
-26487 17332
-17903 19700
-29126 16604
-9058 22140
396 24748
-15380 20396
7182 26620
10952 27660
-25791 17524
-938 24380
-8130 22396
-4389 23428
18202 29660
-9725 21956
8690 27036
-15438 20380
9618 27292
12605 28116
-24225 17956
7820 26796
-21383 18740
-7666 22524
10488 27532
-4708 23340
-27792 16972
-22601 18404
1237 24980
-23355 18196
16375 29156
-28981 16644
10749 27604
3412 25580
11648 27852
-22021 18564
10140 27436
-15264 20428
-22572 18412
-3113 23780
10169 27444
16868 29292
9734 27324
-29300 16556
-9406 22044
4369 25844
8632 27020
17071 29348
-26023 17460
15012 28780
1788 25132
-14800 20556
-18193 19620
-8304 22348
15969 29044
-3780 23596
17564 29484
-5230 23196
14200 28556
-12770 21116
-17410 19836
-7202 22652
-9696 21964
9995 27396
-21006 18844
17622 29500
-2417 23972
-29155 16596
-17816 19724
-2910 23836
5094 26044
15824 29004
13069 28244
7617 26740
-22688 18380
-24950 17756
-29967 16372
14055 28516
-13901 20804
-6071 22964
-18222 19612
-8420 22316
-13872 20812
-7376 22604
16781 29268
11155 27716
773 24852
-13437 20932
11677 27860
-12625 21156
-19266 19324
16230 29116
-5665 23076
-8942 22172
-474 24508
9328 27212
-13205 20996
-8275 22356
16114 29084
17361 29428
13968 28492
-26748 17260
11445 27796
2310 25276
-15815 20276
-24196 17964
-15351 20404
-3316 23724
1411 25028
-19962 19132
-1460 24236
2020 25196
14635 28676
-11552 21452
-21702 18652
16926 29308
11358 27772
19014 29884
-15293 20420
3006 25468
-26342 17372
-21412 18732
-16743 20020
-29474 16508
12315 28036
628 24812
-9145 22116
-24921 17764
-7840 22476
-4157 23492
-24747 17812
-3577 23652
-8681 22244
-2388 23980
-23964 18028
-5143 23220
-15670 20316
-21818 18620
-14075 20756
12344 28044
-26197 17412
-996 24364
5703 26212
-16656 20044
2977 25460
8168 26892
12779 28164
-1663 24180
-26255 17396
-24602 17852
-22427 18452
8545 26996
-1721 24164
12692 28140
-26313 17380
-2127 24052
3093 25492
-25733 17540
-9087 22132
-8971 22164
-13263 20980
12895 28196
8864 27084
-16685 20036
7646 26748
-29822 16412
-11871 21364
-23848 18060
-24544 17868
-6158 22940
-29039 16628
11851 27908
-7811 22484
-2359 23988
1092 24940
14867 28740
11880 27916
-24631 17844
-24080 17996
9560 27276
-18715 19476
1556 25068
-17352 19852
4108 25772
-16714 20028
-271 24564
-22311 18484
3586 25628
14693 28692
-5462 23132
-9522 22012
11503 27812
-21876 18604
-20803 18900
10430 27516
4427 25860
-27879 16948
3528 25612
-5955 22996
-22369 18468
-12886 21084
1266 24988
-16105 20196
5355 26116
-23065 18276
-7289 22628
-97 24612
9444 27244
-22398 18460
-26516 17324
14664 28684
-23471 18164
-21441 18724
-20571 18964
-7608 22540
-5085 23236
-11929 21348
3905 25716
10894 27644
-21238 18780
-6419 22868
13243 28292
-13698 20860
-3084 23788
-16830 19996
-19527 19252
-15554 20348
-25269 17668
19043 29892
17129 29364
7240 26636
6747 26500
18376 29708
-6013 22980
-23877 18052
18869 29844
6312 26380
-25182 17692
-19817 19172
-29213 16580
715 24836
12518 28092
-2562 23932
-19005 19396
-26400 17356
-18657 19492
-18599 19508
-27299 17108
-11175 21556
-15583 20340
6370 26396
-1953 24100
-10276 21804
17506 29468
-27444 17068
-23732 18092
19072 29900
-21644 18668
-21557 18692
-17294 19868
-3432 23692
7878 26812
-1634 24188
3557 25620
11300 27756
-29242 16572
5529 26164
9038 27132
-25095 17716
8777 27060
-18512 19532
18405 29716
10082 27420
860 24876
18173 29652
-12248 21260
-13292 20972
-9783 21940
-4679 23348
-6854 22748
17332 29420
-28604 16748
14171 28548
-25675 17556
10459 27524
11532 27820
-1112 24332
4891 25988
-15061 20484
-29677 16452
-22833 18340
-24573 17860
-6303 22900
-5317 23172
-21354 18748
17158 29372
2194 25244
-4737 23332
6718 26492
4166 25788
-7753 22500
-25588 17580
-14046 20764
13127 28260
-11320 21516
-7173 22660
-20165 19076
512 24780
6660 26476
-8014 22428
-28865 16676
16839 29284
16317 29140
-6361 22884
-8768 22220
-9464 22028
6602 26460
-17091 19924
-13147 21012
-9116 22124
-19179 19348
251 24708
-25414 17628
-5027 23252
-3026 23804
13330 28316
-7318 22620
-18106 19644
17912 29580
-19933 19140
-15989 20228
-23239 18228
16607 29220
-764 24428
-26603 17300
9589 27284
10923 27652
18637 29780
12373 28052
-5201 23204
-14481 20644
-26458 17340
-29880 16396
8371 26948
-7985 22436
1962 25180
-24138 17980
-5114 23228
-16627 20052
16955 29316
10285 27476
17042 29340
13040 28236
-13118 21020
-26545 17316
-29416 16524
-5491 23124
-20948 18860
-8449 22308
-27038 17180
-13785 20836
-24399 17908
-13089 21028
-12132 21292
3876 25708
-13002 21052
5790 26236
-29329 16548
-16395 20116
-4099 23508
-7927 22452
19217 29940
947 24900
-10073 21860
-8710 22236
-13495 20916
-6912 22732
-242 24572
-2475 23956
4746 25948
-4244 23468
17448 29452
-6999 22708
4195 25796
-4505 23396
-19063 19380
4137 25780
9937 27380
-20774 18908
-12828 21100
-19498 19260
-27415 17076
11213 27732
1846 25148
7762 26780
16549 29204
9879 27364
4630 25916
4978 26012
10343 27492
-17700 19756
-5404 23148
-17062 19932
-4302 23452
-16540 20076
18550 29756
7936 26828
-10392 21772
-27183 17140
-10044 21868
18521 29748
-18541 19524
3789 25684
12750 28156
-3722 23612
18144 29644
-18280 19596
-28894 16668
13678 28412
-27473 17060
14432 28620
12286 28028
-10160 21836
11619 27844
-21760 18636
-24283 17940
7414 26684
2629 25364
-13843 20820
-27676 17004
-5578 23100
-8884 22188
-1808 24140
-14655 20596
-29097 16612
-14858 20540
-29068 16620
-23152 18252
-11755 21396
-9435 22036
-29010 16636
-10624 21708
8429 26964
10517 27540
-8188 22380
-10827 21652
-4215 23476
-21528 18700
-23500 18156
-29909 16388
-23761 18084
11735 27876
-7231 22644
10401 27508
-16801 20004
10720 27596
14345 28596
-10479 21748
-8159 22388
-12654 21148
5558 26172
-19034 19388
-28227 16852
-4592 23372
-19121 19364
-329 24548
5674 26204
-1315 24276
2484 25324
-619 24468
3615 25636
12634 28124
-8246 22364
17100 29356
8110 26876
14983 28772
-22340 18476
-20426 19004
4021 25748
-358 24540
-9377 22052
2252 25260
-22543 18420
-20397 19012
16810 29276
18492 29740
5500 26156
6950 26556
-10595 21716
3180 25516
6138 26332
-8362 22332
-22108 18540
-10305 21796
-5984 22988
-5723 23060
-27328 17100
-28169 16868
-18831 19444
-18889 19428
-23036 18284
12054 27964
19 24644
-24979 17748
6283 26372
-6448 22860
-23587 18132
-11349 21508
-11697 21412
-15496 20364
-8101 22404
-1054 24348
-4534 23388
1759 25124
6080 26316
18956 29868
-4331 23444
-11581 21444
-17120 19916
-18077 19652
16752 29260
-6535 22836
-8507 22292
9357 27220
-28546 16764
4050 25756
-1605 24196
5181 26068
16085 29076
-18483 19540
-12741 21124
-13408 20940
2919 25444
-12393 21220
-1982 24092
-155 24596
-21789 18628
-7463 22580
-14104 20748
-5288 23180
7791 26788
17854 29564
-6825 22756
-24689 17828
10575 27556
-3751 23604
-25356 17644
-22630 18396
-22514 18428
4456 25868
-10798 21660
8139 26884
-19730 19196
-14307 20692
-26806 17244
-10740 21676
-28778 16700
-16279 20148
8835 27076
-2881 23844
-2968 23820
-20658 18940
-735 24436
-18338 19580
16201 29108
-10015 21876
18782 29820
1063 24932
-3896 23564
-18019 19668
19101 29908
9647 27300
-18860 19436
-5636 23084
14316 28588
-18135 19636
14548 28652
13098 28252
-17613 19780
-23645 18116
-6680 22796
11967 27940
7385 26676
-7637 22532
-16076 20204
-1286 24284
-19904 19148
-9348 22060
13011 28228
8951 27108
6109 26324
7443 26692
-10421 21764
1585 25076
-3461 23684
2571 25348
3470 25596
-19643 19220
-4621 23364
-11958 21340
-5056 23244
10314 27484
-25153 17700
6921 26548
9067 27140
-25240 17676
-17265 19876
13214 28284
-6274 22908
8719 27044
-15467 20372
-11088 21580
5964 26284
-13582 20892
-3983 23540
-4824 23308
-27560 17036
14809 28724
-21180 18796
18057 29620
3035 25476
-4186 23484
6544 26444
-10218 21820
9531 27268
-4998 23260
-213 24580
13765 28436
-18367 19572
-14017 20772
17970 29596
-18425 19556
-3287 23732
918 24892
11938 27932
-13379 20948
-25849 17508
-1866 24124
-17729 19748
13620 28396
3963 25732
-27908 16940
1469 25044
-21992 18572
4311 25828
8516 26988
-24109 17988
7037 26580
5442 26140
-25878 17500
19246 29948
8574 27004
11793 27892
1353 25012
-14452 20652
-29706 16444
-39 24628
11474 27804
-8565 22276
18985 29876
2107 25220
-7898 22460
-19440 19276
-1257 24292
16723 29252
-9232 22092
16288 29132
-21267 18772
-7579 22548
-18396 19564
-1344 24268
-3519 23668
-25965 17476
-19411 19284
-17149 19908
8806 27068
-12335 21236
7095 26596
15795 28996
-4447 23412
6979 26564
18898 29852
-6129 22948
-22456 18444
9966 27388
-1924 24108
4717 25940
14838 28732
7356 26668
5413 26132
-9899 21908
-29996 16364
1324 25004
7675 26756
2658 25372
-4766 23324
15882 29020
-28923 16660
-5897 23012
3731 25668
8255 26916
-445 24516
367 24740
-6564 22828
8400 26956
-3229 23748
18347 29700
-2272 24012
-26168 17420
-24428 17900
15505 28916
10778 27612
-20484 18988
5993 26292
18028 29612
-2591 23924
-29938 16380
-7260 22636
10836 27628
17680 29516
-28749 16708
-26081 17444
-27125 17156
-25298 17660
-12712 21132
-15032 20492
-29503 16500
-5752 23052
10024 27404
12982 28220
-25646 17564
6196 26348
2948 25452
5007 26020
1701 25108
-5346 23164
-11262 21532
10981 27668
-12045 21316
-7347 22612
-1837 24132
15273 28852
6428 26412
-14336 20684
-23123 18260
3644 25644
12866 28188
-2069 24068
-22978 18300
-20861 18884
-28256 16844
-28633 16740
-14684 20588
2890 25436
-26226 17404
-27589 17028
-6941 22724
-16772 20012
5616 26188
13736 28428
280 24716
-3867 23572
-10682 21692
-28952 16652
-503 24500
-21093 18820
5645 26196
15447 28900
11706 27868
2281 25268
1498 25052
-8594 22268
-10189 21828
-851 24404
-6245 22916
-9290 22076
-2823 23860
-28343 16820
-12277 21252
13417 28340
-16424 20108
8458 26972
-18976 19404
-9319 22068
222 24700
2397 25300
8893 27092
9386 27228
13156 28268
9212 27180
2600 25356
18724 29804
-29764 16428
-16598 20060
-28372 16812
-11146 21564
17941 29588
-22079 18548
135 24676
16520 29196
18840 29836
-27096 17164
-14771 20564
9183 27172
-23906 18044
10807 27620
5848 26252
-15844 20268
-793 24420
12721 28148
686 24828
-14626 20604
8081 26868
5123 26052
3354 25564
-29793 16420
2774 25404
-7782 22492
-14974 20508
1121 24948
-3635 23636
-2156 24044
-2011 24084
-11726 21404
15592 28940
-3664 23628
-1750 24156
-4476 23404
16143 29092
-18628 19500
4862 25980
-19759 19188
-10653 21700
4079 25764
-26139 17428
-6593 22820
8980 27116
15563 28932
-28488 16780
16578 29212
-13060 21036
-11291 21524
9908 27372
17651 29508
-26052 17452
15650 28956
-9609 21988
-3171 23764
-17874 19708
-18918 19420
-19672 19212
12547 28100
-11987 21332
-13234 20988
-22485 18436
-8826 22204
-7405 22596
1817 25140
5210 26076
-590 24476
14490 28636
-20223 19060
-5520 23116
-14133 20740
17999 29604
10372 27500
-8652 22252
16056 29068
19159 29924
-28430 16796
13794 28444
-24167 17972
-1199 24308
9850 27356
-28575 16756
-15177 20452
-22282 18492
5761 26228
2136 25228
-17236 19884
