1464
29222 23089
22985 29109
22094 29969
26549 25669
25658 26529
28331 23949
27440 24809
24767 27389
23876 28249
-5726 -15366
12922 2505
26962 15960
22570 11751
538 -9363
17026 6438
20194 9474
17602 6990
-1190 -11019
-4070 -13779
21850 11061
-14366 -23646
-470 -10329
-8966 -18471
-6014 -15642
1906 -8052
-16526 -25716
6586 -3567
16594 6024
-13142 -22473
-5078 -14745
15874 5334
20050 9336
-3710 -13434
-20414 -29442
16882 6300
14506 4023
-3350 -13089
-3206 -12951
-18398 -27510
-17606 -26751
-6518 -16125
19042 8370
9970 -324
15154 4644
22210 11406
-2846 -12606
-254 -10122
-3998 -13710
4642 -5430
2122 -7845
-902 -10743
25666 14718
-11198 -20610
-11486 -20886
-15662 -24888
-1478 -11295
21274 10509
-13790 -23094
1762 -8190
-14654 -23922
18034 7404
28258 17202
27970 16926
4570 -5499
11770 1401
13498 3057
25954 14994
2914 -7086
-16670 -25854
-15878 -25095
-11702 -21093
-3782 -13503
11698 1332
14002 3540
-9542 -19023
2194 -7776
-3494 -13227
10618 297
15802 5265
322 -9570
20266 9543
-974 -10812
3562 -6465
-20558 -29580
-5654 -15297
29482 18375
19402 8715
12274 1884
-17174 -26337
2770 -7224
17170 6576
28402 17340
-5870 -15504
9106 -1152
6082 -4050
-18974 -28062
-7742 -17298
-11846 -21231
20914 10164
1690 -8259
-9398 -18885
-1406 -11226
10474 159
24658 13752
15586 5058
-7022 -16608
5218 -4878
-15734 -24957
12562 2160
-6734 -16332
17242 6645
-614 -10467
24154 13269
19258 8577
16234 5679
24082 13200
-8822 -18333
-12350 -21714
29986 18858
-17390 -26544
-4358 -14055
-5150 -14814
-5222 -14883
-10046 -19506
5866 -4257
25522 14580
-12710 -22059
18826 8163
23218 12372
24010 13131
18466 7818
-4790 -14469
106 -9777
-2630 -12399
-19334 -28407
6946 -3222
14218 3747
2842 -7155
-7238 -16815
17746 7128
-16454 -25647
15370 4851
20338 9612
-11774 -21162
-13862 -23163
-7382 -16953
-18038 -27165
-6374 -15987
26890 15891
-17750 -26889
-8030 -17574
5794 -4326
-16814 -25992
-11126 -20541
12202 1815
4858 -5223
1258 -8673
24946 14028
-2558 -12330
-15590 -24819
-12062 -21438
-3854 -13572
-10190 -19644
-17030 -26199
25090 14166
22498 11682
27322 16305
27754 16719
13354 2919
-758 -10605
-18542 -27648
8314 -1911
12490 2091
-18614 -27717
-13646 -22956
26098 15132
21130 10371
22858 12027
-8462 -17988
13642 3195
-19406 -28476
11914 1539
29914 18789
-20990 -29994
-15446 -24681
754 -9156
19618 8922
-12206 -21576
9250 -1014
-7454 -17022
3922 -6120
4282 -5775
19690 8991
2050 -7914
-20198 -29235
-13934 -23232
-16310 -25509
7738 -2463
14650 4161
-5438 -15090
23362 12510
4426 -5637
1474 -8466
25450 14511
-4862 -14538
8890 -1359
11842 1470
-1334 -11157
-3134 -12882
-2342 -12123
4066 -5982
21706 10923
-10622 -20058
27106 16098
-19982 -29028
-19118 -28200
18322 7680
-2270 -12054
2698 -7293
14434 3954
-17102 -26268
-10118 -19575
8818 -1428
9898 -393
-16166 -25371
-4430 -14124
29050 17961
17962 7335
10762 435
17314 6714
-18902 -27993
-17966 -27096
18250 7611
-16598 -25785
7018 -3153
-14078 -23370
3274 -6741
-3062 -12813
19330 8646
23434 12579
3994 -6051
9826 -462
26602 15615
9178 -1083
25162 14235
3706 -6327
970 -8949
29554 18444
-16238 -25440
-1046 -10881
-1694 -11502
-7886 -17436
3850 -6189
-1118 -10950
-20126 -29166
17674 7059
6802 -3360
27034 16029
23146 12303
27538 16512
-6662 -16263
1114 -8811
-6590 -16194
7306 -2877
-15086 -24336
-11558 -20955
2554 -7431
-8534 -18057
14794 4299
11986 1608
19186 8508
-6302 -15918
-14798 -24060
28690 17616
-20054 -29097
8386 -1842
-9830 -19299
-4646 -14331
15946 5403
26746 15753
15442 4920
3202 -6810
8530 -1704
9322 -945
20698 9957
8962 -1290
8170 -2049
9538 -738
20554 9819
5290 -4809
-5366 -15021
-14150 -23439
5002 -5085
23290 12441
898 -9018
16162 5610
28618 17547
25018 14097
16450 5886
-19622 -28683
-19046 -28131
15226 4713
12418 2022
10042 -255
26674 15684
10546 228
-7670 -17229
16018 5472
-18110 -27234
2482 -7500
-9254 -18747
-9470 -18954
-12494 -21852
20770 10026
-17534 -26682
-15374 -24612
-12854 -22197
-10334 -19782
-9038 -18540
-8390 -17919
7090 -3084
15298 4782
-11990 -21369
12634 2229
-20342 -29373
2338 -7638
-7310 -16884
7162 -3015
6514 -3636
17530 6921
17458 6852
-3422 -13158
-2126 -11916
-14006 -23301
-20270 -29304
-12638 -21990
-4286 -13986
-11630 -21024
5506 -4602
22354 11544
-12134 -21507
11338 987
21778 10992
24874 13959
-14942 -24198
-6878 -16470
-14294 -23577
-2414 -12192
1042 -8880
-14222 -23508
-17678 -26820
19834 9129
-5006 -14676
-5582 -15228
10186 -117
6010 -4119
-19550 -28614
11122 780
-16022 -25233
11050 711
18394 7749
14074 3609
29626 18513
25378 14442
10834 504
1402 -8535
12778 2367
22714 11889
13138 2712
10978 642
11626 1263
-13286 -22611
27466 16443
10114 -186
25810 14856
27610 16581
-15806 -25026
466 -9432
18970 8301
-7814 -17367
26458 15477
-18470 -27579
250 -9639
18754 8094
-2702 -12468
12994 2574
9466 -807
-8318 -17850
3490 -6534
19114 8439
-542 -10398
3634 -6396
12130 1746
-3638 -13365
17818 7197
-9758 -19230
28114 17064
26026 15063
1978 -7983
-9110 -18609
-13502 -22818
-6086 -15711
21490 10716
-9902 -19368
-15014 -24267
-19838 -28890
18610 7956
23074 12234
27826 16788
5722 -4395
15010 4506
16954 6369
22642 11820
1834 -8121
-10550 -19989
16738 6162
-4934 -14607
20410 9681
23938 13062
29122 18030
28762 17685
-12998 -22335
682 -9225
23866 12993
5074 -5016
8674 -1566
28042 16995
-1838 -11640
15082 4575
27682 16650
7882 -2325
-8246 -17781
-13358 -22680
9610 -669
22786 11958
6730 -3429
-4718 -14400
9034 -1221
-10262 -19713
29194 18099
-2486 -12261
5146 -4947
18106 7473
25594 14649
6298 -3843
13570 3126
-20702 -29718
29266 18168
22066 11268
-398 -10260
21922 11130
11194 849
-7094 -16677
5650 -4464
-6806 -16401
-12926 -22266
26242 15270
1330 -8604
14722 4230
18898 8232
-1262 -11088
23722 12855
4930 -5154
-14510 -23784
8602 -1635
14362 3885
4714 -5361
27178 16167
3418 -6603
10258 -48
-6230 -15849
-17462 -26613
-17318 -26475
23794 12924
2986 -7017
-15518 -24750
7810 -2394
29698 18582
10690 366
-18182 -27303
28186 17133
24442 13545
19978 9267
6226 -3912
16090 5541
-8174 -17712
21346 10578
25306 14373
3058 -6948
-2774 -12537
7522 -2670
-9326 -18816
18538 7887
7450 -2739
24298 13407
28978 17892
29770 18651
-3566 -13296
20122 9405
24514 13614
22138 11337
-10982 -20403
-17822 -26958
18682 8025
11482 1125
8098 -2118
27250 16236
-19478 -28545
-10406 -19851
19762 9060
7378 -2808
29842 18720
-19190 -28269
-7958 -17505
11554 1194
3346 -6672
8242 -1980
25234 14304
-5510 -15159
-4214 -13917
-19694 -28752
21202 10440
-15302 -24543
-1622 -11433
23578 12717
6370 -3774
-1982 -11778
14866 4368
24730 13821
3130 -6879
-2198 -11985
-16886 -26061
17890 7266
-16742 -25923
13426 2988
20842 10095
28474 17409
-18758 -27855
-19766 -28821
25738 14787
-2918 -12675
10402 90
24370 13476
7594 -2601
14938 4437
-4502 -14193
-830 -10674
8746 -1497
17386 6783
-7166 -16746
-38 -9915
20626 9888
6658 -3498
16810 6231
-2054 -11847
13282 2850
-16094 -25302
26314 15339
29410 18306
28330 17271
13210 2781
6442 -3705
28546 17478
-20846 -29856
8026 -2187
-9614 -19092
8458 -1773
4498 -5568
-10694 -20127
-4574 -14262
18178 7542
7666 -2532
-14438 -23715
-7598 -17160
-20918 -29925
11410 1056
12346 1953
5938 -4188
-13718 -23025
22426 11613
-11918 -21300
-12566 -21921
4210 -5844
4138 -5913
19906 9198
13858 3402
12850 2436
26386 15408
-20486 -29511
-6158 -15780
-8894 -18402
610 -9294
11266 918
-13070 -22404
4354 -5706
-20630 -29649
3778 -6258
-3926 -13641
20482 9750
29338 18237
826 -9087
-17246 -26406
27898 16857
12058 1677
394 -9501
-8606 -18126
2266 -7707
16378 5817
6874 -3291
9394 -876
-10478 -19920
25882 14925
24586 13683
-12422 -21783
23650 12786
17098 6507
-1550 -11364
-5942 -15573
-1910 -11709
13066 2643
-14726 -23991
-13214 -22542
-7526 -17091
1618 -8328
23506 12648
-686 -10536
2626 -7362
28906 17823
12706 2298
-9974 -19437
-5294 -14952
19474 8784
4786 -5292
-5798 -15435
-20774 -29787
5362 -4740
21418 10647
-9686 -19161
9682 -600
16666 6093
34 -9846
14290 3816
1546 -8397
-18326 -27441
-326 -10191
16306 5748
21058 10302
-14582 -23853
24802 13890
-18686 -27786
178 -9708
10906 573
-19910 -28959
15658 5127
22282 11475
-18254 -27372
7234 -2946
-10766 -20196
9754 -531
-15158 -24405
-11054 -20472
16522 5955
-8750 -18264
-3291 6182
-22252 5616
-6105 6098
11516 6624
12856 6664
-12403 5910
18752 6840
-23123 5590
28869 7142
20628 6896
26658 7076
-16758 5780
27529 7102
-19103 5710
-5301 6122
-20443 5670
15067 6730
24715 7018
1265 6318
-19036 5712
29539 7162
-9120 6008
10377 6590
20226 6884
22839 6962
-29689 5394
-9321 6002
-24932 5536
26524 7072
-2018 6220
18618 6836
23844 6992
27462 7100
-12805 5898
18551 6834
-25401 5522
3342 6380
-25803 5510
29472 7160
-29153 5410
13794 6692
-11063 5950
-16959 5774
8233 6526
595 6298
-142 6276
10645 6598
29405 7158
17881 6814
8501 6534
6089 6462
-15686 5812
11918 6636
-1884 6224
-16892 5776
2940 6368
23509 6982
-343 6270
-28751 5422
-6641 6082
2806 6364
-26339 5494
-8517 6026
-26473 5490
-23592 5576
8836 6544
5955 6458
17278 6796
-1683 6230
-27545 5458
-27880 5448
20829 6902
25988 7056
-18768 5720
22571 6954
22169 6942
12454 6652
4950 6428
10310 6588
-23525 5578
-4698 6140
-28885 5418
-7713 6050
-2755 6198
-2219 6214
27596 7104
-29287 5406
4414 6412
20762 6900
26323 7066
8635 6538
9305 6558
-3023 6190
14799 6722
-26875 5478
-15887 5806
13593 6686
-4832 6136
-11398 5940
-25334 5524
20293 6886
21901 6934
26390 7068
-2822 6196
10109 6582
-4162 6156
-6507 6086
-20644 5664
-12269 5914
-24061 5562
-3090 6188
20360 6888
-8383 6030
29137 7150
528 6296
-21448 5640
-9388 6000
-29220 5408
17412 6800
2270 6348
-19773 5690
25050 7028
-18433 5730
-7311 6062
13258 6676
12588 6656
-4229 6154
6826 6484
-20108 5680
13459 6682
2203 6346
-20845 5658
-26205 5498
-6574 6084
-13207 5886
-13341 5882
-544 6264
29271 7154
7764 6512
7362 6500
-18165 5738
-22587 5606
13124 6672
14665 6718
-23927 5566
-19706 5692
10980 6608
-23190 5588
23911 6994
-16222 5796
25787 7050
19288 6856
-5502 6116
-22453 5610
-24396 5552
-18031 5742
6625 6478
12990 6668
11985 6638
10779 6602
-7780 6048
-11130 5948
7161 6494
1734 6332
-27210 5468
18283 6826
-1013 6250
-11867 5926
-9053 6010
-10192 5976
-27612 5456
16005 6758
6156 6464
11248 6616
23308 6976
8367 6530
-19304 5704
14129 6702
-4631 6142
-25468 5520
-28952 5416
-14346 5852
12186 6644
-8852 6016
-18500 5728
-24128 5560
21030 6908
-9924 5984
2069 6342
-2621 6202
-28215 5438
2538 6356
10511 6594
27864 7112
10846 6604
-12537 5906
19489 6862
-7043 6070
-24731 5542
-1817 6226
-15418 5820
26725 7078
-20309 5674
-11934 5924
26122 7060
26859 7082
-17428 5760
20561 6894
18149 6822
9573 6566
23710 6988
21164 6912
6424 6472
20025 6878
16675 6778
-18969 5714
23777 6990
22437 6950
22236 6944
9238 6556
-14815 5838
-1348 6240
28735 7138
-28081 5442
997 6310
6759 6482
4280 6408
-5703 6110
-21046 5652
3409 6382
28132 7120
17077 6790
-10058 5980
-1214 6244
-24798 5540
26591 7074
5352 6440
-16021 5802
5017 6430
-19572 5696
13995 6698
6491 6474
-29019 5414
8166 6524
11449 6622
-19505 5698
24112 7000
13660 6688
18082 6820
-14212 5856
1466 6324
-2286 6212
-28416 5432
24447 7010
-2353 6210
24514 7012
22906 6964
23174 6972
19958 6876
-23458 5580
-15619 5814
-12202 5916
14196 6704
-14413 5850
-29421 5402
-27277 5466
-11264 5944
11181 6614
-18902 5716
-477 6266
2672 6360
-20711 5662
-21716 5632
-16155 5798
-18366 5732
-17093 5770
7831 6514
-9723 5990
-10527 5966
28266 7124
29070 7148
-17294 5764
-29622 5396
-18701 5722
17613 6806
5419 6442
26926 7084
-21850 5628
-27344 5464
796 6304
6357 6470
59 6282
-2889 6194
9640 6568
11650 6628
28400 7128
-29823 5390
8970 6548
-22185 5618
16273 6766
-12336 5912
24581 7014
-15954 5804
-24597 5546
10042 6580
-25870 5508
2404 6352
-27746 5452
18886 6844
-8919 6014
26055 7058
-6038 6100
27998 7116
24246 7004
-21515 5638
10913 6606
1198 6316
-22520 5608
4012 6400
-12135 5918
29673 7166
1868 6336
23978 6996
7295 6498
-20175 5678
2002 6340
-209 6274
-23726 5572
-4430 6148
-10259 5974
-8316 6032
23375 6978
26792 7080
19422 6860
126 6284
21968 6936
-13140 5888
-26272 5496
21432 6920
-20979 5654
16876 6784
-8115 6038
-10594 5964
-5100 6128
-14614 5844
-18634 5724
-7378 6060
-16423 5790
-5904 6104
-23994 5564
-22319 5614
14464 6712
19824 6872
19355 6858
27261 7094
12119 6642
729 6302
16340 6768
-13944 5864
-1616 6232
17345 6798
-4564 6144
-16490 5788
-17763 5750
4883 6426
-26071 5502
-12604 5904
24380 7008
-4966 6132
-2956 6192
-8182 6036
3811 6394
25854 7052
8568 6536
-3626 6172
-15552 5816
-13475 5878
-25937 5506
-2085 6218
-8450 6028
-3827 6166
-3760 6168
-4899 6134
18015 6818
1399 6322
-11800 5928
-6775 6078
-26138 5500
18484 6832
5687 6450
-6976 6072
-19438 5700
21834 6932
-15284 5824
9841 6574
18417 6830
17680 6808
1131 6314
12387 6650
5888 6456
17814 6812
15804 6752
-10996 5952
23107 6970
-29890 5388
25720 7048
-1482 6236
-611 6262
-19170 5708
-6172 6096
-26004 5504
3543 6386
-14547 5846
-25267 5526
-22386 5612
15335 6738
-26540 5488
7965 6518
-21381 5642
-9187 6006
-22654 5604
27730 7108
-19639 5694
-5770 6108
10578 6596
-11197 5946
-8249 6034
21633 6926
-10862 5956
-16624 5784
-23793 5570
9707 6570
18953 6846
3007 6370
15938 6756
23241 6974
21700 6928
-11532 5936
-879 6254
1600 6328
-15150 5828
5620 6448
13325 6678
-2554 6204
2471 6354
21298 6916
-8584 6024
930 6308
4615 6418
-28349 5434
-22721 5602
-7847 6046
24648 7016
-26741 5482
-25602 5516
-4363 6150
7429 6502
327 6290
-5636 6112
-6909 6074
-29086 5412
-5033 6130
11583 6626
-9656 5992
-4296 6152
-5837 6106
5821 6454
29003 7146
29941 7174
-28483 5430
15737 6750
-24999 5534
1533 6326
-1415 6238
15268 6736
3074 6372
-16289 5794
-13408 5880
-23056 5592
-25066 5532
27931 7114
-13073 5890
-22855 5598
-13877 5866
7496 6504
16072 6760
16809 6782
16407 6770
13191 6674
-24262 5556
-28014 5444
-22788 5600
-21984 5624
6290 6468
-13609 5874
16139 6762
12655 6658
3141 6374
-1951 6222
22035 6938
22504 6952
-21314 5644
14263 6706
4749 6422
-28148 5440
1064 6312
28065 7118
-17026 5772
-12470 5908
15402 6740
-18835 5718
-17897 5746
24045 6998
8769 6542
13727 6690
-24329 5554
21767 6930
-8718 6020
-5569 6114
-75 6278
17948 6816
25921 7054
-27813 5450
18685 6838
-10326 5972
6960 6488
-20041 5682
19556 6864
14531 6714
-3492 6176
-21180 5648
22705 6958
17747 6810
-7512 6056
-276 6272
-3157 6186
19690 6868
260 6288
-2152 6216
-17562 5756
662 6300
-21582 5636
15603 6746
27663 7106
-13542 5876
9037 6550
9171 6554
-5368 6120
21365 6918
-3693 6170
8702 6540
-24195 5558
-3224 6184
14933 6726
7697 6510
27328 7096
-26406 5492
4213 6406
-7445 6058
28601 7134
4816 6424
-21783 5630
-25669 5514
25117 7030
9104 6552
-26942 5476
19087 6850
11784 6632
863 6306
23040 6968
-18299 5734
28936 7144
-10795 5958
19154 6852
-9991 5982
-20778 5660
3677 6390
5553 6446
-21113 5650
-812 6256
-11666 5932
15000 6728
5151 6434
-14949 5834
-15016 5832
24849 7022
2337 6350
-19237 5706
-10393 5970
19757 6870
16206 6764
-29354 5404
5084 6432
-16557 5786
8032 6520
14330 6708
-27679 5454
23643 6986
11382 6620
7094 6492
-14078 5860
-25535 5518
29874 7172
-12001 5922
-24463 5550
25653 7046
-9522 5996
2605 6358
-5167 6126
8903 6546
-13743 5870
13861 6694
-22922 5596
-20376 5672
-13006 5892
25452 7040
-26674 5484
14598 6716
-6373 6090
29606 7164
-17964 5744
-27947 5446
-28550 5428
13392 6680
25318 7036
1935 6338
28802 7140
-19907 5686
-11465 5938
5486 6444
20963 6906
-16691 5782
-1080 6248
2136 6344
7027 6490
25251 7034
18350 6828
3275 6378
-19974 5684
193 6286
29807 7170
15201 6734
12789 6662
-24865 5538
18216 6824
4682 6420
-7579 6054
-4028 6160
16474 6772
-14748 5840
10444 6592
7898 6516
-23860 5568
21097 6910
13928 6696
22102 6940
-12068 5920
8300 6528
17479 6802
-20510 5668
-19371 5702
-13810 5868
-2688 6200
-13274 5884
-4095 6158
27127 7090
12722 6660
-17160 5768
-9589 5994
-14681 5842
-26607 5486
-15820 5808
-20242 5676
-12738 5900
-678 6260
1801 6334
10712 6600
-10929 5954
-1281 6242
26189 7062
-17629 5754
-10125 5978
4146 6404
1667 6330
-14145 5858
25586 7044
8099 6522
-3559 6174
28534 7132
24916 7024
-12939 5894
11315 6618
12521 6654
-17361 5762
27395 7098
27060 7088
14062 6700
-28282 5436
9908 6576
12923 6666
11717 6630
-6842 6076
26256 7064
8434 6532
24983 7026
-3425 6178
-11331 5942
-6306 6092
-5971 6102
16943 6786
27797 7110
3945 6398
-17495 5758
-28818 5420
-27411 5462
25184 7032
15469 6742
-15351 5822
-1549 6234
7228 6496
-28684 5424
16608 6776
-16356 5792
4347 6410
-22118 5620
-13676 5872
24179 7002
-14279 5854
24313 7006
17546 6804
2873 6366
-24530 5548
5218 6436
-10661 5962
-25133 5530
-410 6268
-19840 5688
-27478 5460
26457 7070
20695 6898
-3894 6164
-5435 6118
11047 6610
-21917 5626
13526 6684
22303 6946
-2487 6206
-6708 6080
-11599 5934
-18567 5726
6893 6486
22772 6960
-8 6280
-7110 6068
3878 6396
-17696 5752
5754 6452
-946 6252
-2420 6208
-21649 5634
-12671 5902
-21247 5646
28467 7130
-15083 5830
-11733 5930
22638 6956
-17830 5748
10243 6586
-9254 6004
24782 7020
3476 6384
17144 6792
20092 6880
-8651 6022
9774 6572
19221 6854
4481 6414
-27076 5472
28668 7136
-1147 6246
-9790 5988
394 6292
-28617 5426
15670 6748
15536 6744
-14011 5862
-16088 5800
-18232 5736
29740 7168
461 6294
-6440 6088
26993 7086
11851 6634
-25736 5512
-16825 5778
-1750 6228
11114 6612
29338 7156
-29957 5386
-29488 5400
12253 6646
