1465
-14851 19600
-10108 17089
-22858 23839
9170 6883
-15973 20194
-21889 23326
1418 10987
-13423 18844
10037 6424
-19798 22219
-18370 21463
-775 12148
4223 9502
-16789 20626
2999 10150
1367 11014
2183 10582
13760 4453
9578 6667
-367 11932
-5977 14902
-11077 17602
14831 3886
-15514 19951
-16534 20491
7895 7558
-20002 22327
-26479 25756
-16840 20653
-10 11743
4784 9205
12689 5020
-15055 19708
-11842 18007
5243 8962
12638 5047
-27958 26539
194 11635
-21481 23110
2081 10636
16157 3184
15392 3589
17075 2698
14168 4237
-1693 12634
4376 9421
-23113 23974
-6130 14983
12995 4858
-1285 12418
-10924 17521
-26071 25540
11414 5695
-9649 16846
-25255 25108
-14902 19627
8099 7450
2489 10420
-29284 27241
9782 6559
7997 7504
-5008 14389
-24337 24622
-17350 20923
7079 7990
-12199 18196
-14749 19546
-25765 25378
-10465 17278
-25816 25405
-26683 25864
-1540 12553
-20869 22786
449 11500
6722 8179
-13066 18655
551 11446
-10006 17035
-3223 13444
-10873 17494
3203 10042
-19135 21868
-8017 15982
15953 3292
-3937 13822
-29794 27511
-4243 13984
-23878 24379
-15922 20167
9425 6748
6110 8503
13607 4534
-2152 12877
9935 6478
-7354 15631
-25867 25432
-27193 26134
-20053 22354
12893 4912
-112 11797
14780 3913
-26224 25621
-15310 19843
6773 8152
143 11662
17126 2671
-27856 26485
908 11257
-24541 24730
-6946 15415
-7099 15496
6161 8476
-13525 18898
-29488 27349
1673 10852
8558 7207
-18727 21652
-5569 14686
-826 12175
10292 6289
-3070 13363
-12862 18547
-7558 15739
-61 11770
15800 3373
-20920 22813
-2407 13012
-27244 26161
4937 9124
-25918 25459
-17707 21112
-2254 12931
11159 5830
-13933 19114
-26836 25945
12383 5182
15749 3400
500 11473
-18574 21571
-19594 22111
-7660 15793
-4039 13876
-29845 27538
-9853 16954
-10975 17548
-4855 14308
-14239 19276
17789 2320
13505 4588
-8935 16468
7844 7585
7283 7882
-29029 27106
11822 5479
-23011 23920
-23521 24190
-12607 18412
-24796 24865
-23419 24136
10802 6019
-3427 13552
-25102 25027
-2662 13147
1010 11203
-10720 17413
5498 8827
6671 8206
2030 10663
-163 11824
-16483 20464
-20818 22759
-3121 13390
-9751 16900
-28111 26620
7538 7747
-20308 22489
4682 9259
-4702 14227
-418 11959
6977 8044
5855 8638
-22450 23623
-8629 16306
-20461 22570
-15259 19816
3254 10015
-7762 15847
-2050 12823
14066 4291
3152 10069
-17146 20815
-1795 12688
1163 11122
11108 5857
-4447 14092
-22399 23596
-21022 22867
-15412 19897
-11026 17575
-3172 13417
245 11608
-5620 14713
-20665 22678
-6028 14929
16820 2833
9476 6721
-14035 19168
5192 8989
4529 9340
-26632 25837
-11791 17980
755 11338
-2968 13309
-1183 12364
16973 2752
-29437 27322
-19441 22030
-10210 17143
-24490 24703
-29947 27592
-23164 24001
-2764 13201
8966 6991
3917 9664
-23470 24163
15545 3508
-11893 18034
-8731 16360
-24643 24784
18044 2185
-19237 21922
-24184 24541
-23317 24082
-12760 18493
-21328 23029
15341 3616
-16330 20383
-3733 13714
-9547 16792
9374 6775
15188 3697
-9037 16522
13046 4831
-17656 21085
1979 10690
7232 7909
5396 8881
-11995 18088
-25969 25486
-25051 25000
-22144 23461
5039 9070
-20410 22543
-18421 21490
-28009 26566
-16636 20545
14372 4129
-27652 26377
-16228 20329
1724 10825
6314 8395
15086 3751
2387 10474
-21787 23272
653 11392
13250 4723
-4906 14335
-14953 19654
-16075 20248
-10822 17467
41 11716
-25459 25216
-24949 24946
13148 4777
-16585 20518
17432 2509
-1081 12310
-17758 21139
-13780 19033
-15718 20059
-23368 24109
-21838 23299
-12301 18250
13454 4615
8660 7153
5651 8746
-14341 19330
15443 3562
-7048 15469
2744 10285
16616 2941
16718 2887
-17911 21220
7487 7774
-4753 14254
-23827 24352
-10159 17116
-5875 14848
-24286 24595
-16177 20302
1214 11095
17024 2725
-10312 17197
-29590 27403
-23215 24028
-469 11986
-3580 13633
15902 3319
-622 12067
-18166 21355
-16126 20275
-17605 21058
1265 11068
11567 5614
14627 3994
-18880 21733
2642 10339
10394 6235
-19747 22192
4019 9610
-12964 18601
-18319 21436
-10669 17386
-23725 24298
8762 7099
17993 2212
3815 9718
-9445 16738
857 11284
-27295 26188
8354 7315
-11230 17683
-12811 18520
-9904 16981
-22501 23650
2897 10204
10343 6262
-3988 13849
4121 9556
8048 7477
-17860 21193
-29131 27160
-17503 21004
17330 2563
7028 8017
-21940 23353
-316 11905
11363 5722
-28723 26944
-9802 16927
-29233 27214
4325 9448
-6895 15388
9272 6829
7181 7936
9527 6694
-2611 13120
-19084 21841
-1336 12445
6212 8449
3560 9853
-1387 12472
4631 9286
-4141 13930
1112 11149
-11383 17764
-28672 26917
-6691 15280
-8527 16252
2285 10528
13352 4669
-18064 21301
-3784 13741
12077 5344
-3529 13606
15647 3454
-20716 22705
11873 5452
-6742 15307
-19033 21814
-17962 21247
10598 6127
-8578 16279
-22756 23785
17942 2239
-4804 14281
-8119 16036
-7150 15523
-7456 15685
-12505 18358
602 11419
4070 9583
-29692 27457
-2356 12985
-265 11878
-20767 22732
-17452 20977
-27448 26269
-5416 14605
8405 7288
10496 6181
15137 3724
11006 5911
17228 2617
-13117 18682
-20563 22624
18146 2131
-6334 15091
1622 10879
-16024 20221
1928 10717
-13015 18628
7742 7639
-12658 18439
3458 9907
-13882 19087
16922 2779
11771 5506
-1438 12499
17636 2401
-15871 20140
-17197 20842
-19696 22165
-1897 12742
-19288 21949
8864 7045
-23266 24055
4478 9367
-8476 16225
1571 10906
13964 4345
18248 2077
-13729 19006
-18217 21382
4733 9232
-19339 21976
11465 5668
-14596 19465
-13831 19060
-9496 16765
-18625 21598
-17248 20869
5753 8692
13097 4804
-14086 19195
-27907 26512
-21379 23056
-9598 16819
-21430 23083
-20155 22408
92 11689
6518 8287
-4090 13903
-25204 25081
16361 3076
10190 6343
-1846 12715
-18829 21706
-29998 27619
-9088 16549
-1030 12283
-9190 16603
-28213 26674
11924 5425
-5110 14443
-10516 17305
10700 6073
-214 11851
13658 4507
-11434 17791
347 11554
14219 4210
9017 6964
-12097 18142
10904 5965
8201 7396
7385 7828
11312 5749
-20359 22516
-17095 20788
-21073 22894
-26938 25999
-22552 23677
-10771 17440
-1744 12661
-26785 25918
-23776 24325
-9292 16657
-26887 25972
7436 7801
-15769 20086
-13321 18790
-14545 19438
8150 7423
15290 3643
-27142 26107
-18472 21517
-22195 23488
-1642 12607
17840 2293
-22093 23434
-3325 13498
6263 8422
-571 12040
-5722 14767
-16891 20680
16667 2914
-20104 22381
-29539 27376
3866 9691
-25408 25189
5804 8665
-26020 25513
-18778 21679
-7252 15577
-21532 23137
17687 2374
-28519 26836
8609 7180
-5314 14551
-1591 12580
12281 5236
-24898 24919
5906 8611
5957 8584
-15106 19735
16565 2968
-14392 19357
-6181 15010
14729 3940
13811 4426
12485 5128
14015 4318
-27703 26404
-8068 16009
-15208 19789
-4549 14146
-11128 17629
-21634 23191
-8986 16495
3968 9637
-14188 19249
15494 3535
-14290 19303
-5263 14524
17585 2428
9323 6802
-7303 15604
15596 3481
8507 7234
-1489 12526
-8425 16198
5141 9016
-13219 18736
-10363 17224
-6436 15145
-11179 17656
11516 5641
398 11527
959 11230
-13984 19141
-6487 15172
-28570 26863
-22042 23407
-18268 21409
-8323 16144
-26581 25810
-20206 22435
-15616 20005
-28825 26998
-10414 17251
-9394 16711
14270 4183
12434 5155
14984 3805
10649 6100
-2713 13174
6569 8260
9731 6586
-21277 23002
7589 7720
-13372 18817
-19645 22138
-28774 26971
-2203 12904
12026 5371
-5773 14794
-4651 14200
-9700 16873
-11536 17845
-25153 25054
12128 5317
-25000 24973
-673 12094
-27550 26323
7334 7855
704 11365
-12454 18331
14576 4021
-1132 12337
-18676 21625
1520 10933
14321 4156
-5467 14632
-24439 24676
-3886 13795
-22246 23515
-27091 26080
-24847 24892
-10261 17170
-8170 16063
4274 9475
-25714 25351
10853 5992
-15820 20113
1826 10771
2540 10393
9119 6910
12944 4885
806 11311
13709 4480
-3835 13768
-5671 14740
4172 9529
-22348 23569
-25306 25135
8456 7261
-28417 26782
-29182 27187
-14494 19411
-22603 23704
7640 7693
16208 3157
13913 4372
17534 2455
18197 2104
8303 7342
15035 3778
-24592 24757
-23062 23947
5702 8719
2795 10258
-28468 26809
-10618 17359
12791 4966
14117 4264
-8782 16387
-19849 22246
-12046 18115
-20971 22840
-10436 -21690
-23312 -26130
-17309 -24060
3484 -16890
25060 -9450
-9305 -21300
-6434 -20310
6007 -16020
-21920 -25650
-8174 -20910
12010 -13950
10444 -14490
-9566 -21390
-7739 -20760
-16004 -23610
17491 -12060
1831 -17460
-29489 -28260
-15221 -23340
27931 -8460
7051 -15660
15751 -12660
17839 -11940
-17222 -24030
-16787 -23880
24886 -9510
27496 -8610
1396 -17610
2962 -17070
-29837 -28380
29062 -8070
21058 -10830
19057 -11520
23581 -9960
-20528 -25170
787 -17820
3310 -16950
-7913 -20820
15664 -12690
24451 -9660
-10262 -21630
-431 -18240
-5129 -19860
-23921 -26340
3919 -16740
-5564 -20010
14272 -13170
-15656 -23490
12619 -13740
-14264 -23010
-21224 -25410
1483 -17580
-17831 -24240
19405 -11400
178 -18030
27322 -8670
9922 -14670
4876 -16410
-170 -18150
4 -18090
21493 -10680
-4694 -19710
28366 -8310
18361 -11760
24364 -9690
6268 -15930
-20354 -25110
-1475 -18600
14446 -13110
-25574 -26910
24016 -9810
-29141 -28140
12271 -13860
-12350 -22350
-27749 -27660
3397 -16920
-2084 -18810
3658 -16830
-953 -18420
-11654 -22110
8356 -15210
8530 -15150
-26705 -27300
-29924 -28410
-14612 -23130
-13394 -22710
16534 -12390
-1214 -18510
-21137 -25380
5572 -16170
-10088 -21570
-2171 -18840
25408 -9330
21580 -10650
-28880 -28050
11053 -14280
-19136 -24690
-16352 -23730
23407 -10020
-27227 -27480
6094 -15990
-28532 -27930
25930 -9150
-21572 -25530
-25835 -27000
14185 -13200
14098 -13230
-27488 -27570
4267 -16620
-8000 -20850
-13481 -22740
21841 -10560
29671 -7860
20971 -10860
-8522 -21030
9313 -14880
-28358 -27870
-24704 -26610
-23399 -26160
10183 -14580
2440 -17250
-866 -18390
16795 -12300
-2954 -19110
-18353 -24420
9748 -14730
8965 -15000
-26966 -27390
24973 -9480
-21398 -25470
-9914 -21510
-8435 -21000
7660 -15450
18013 -11880
-16265 -23700
20014 -11190
25756 -9210
-12698 -22470
10618 -14430
-2432 -18930
-9653 -21420
10966 -14310
-9479 -21360
26278 -9030
-12437 -22380
-1910 -18750
-24617 -26580
-25313 -26820
22624 -10290
-3563 -19320
-14960 -23250
-12524 -22410
22711 -10260
8443 -15180
7399 -15540
439 -17940
21754 -10590
-5042 -19830
-22616 -25890
4963 -16380
-22181 -25740
-12089 -22260
23929 -9840
700 -17850
-1301 -18540
15403 -12780
-13829 -22860
-18962 -24630
-7043 -20520
-23486 -26190
-3302 -19230
16621 -12360
9400 -14850
13750 -13350
29584 -7890
2005 -17400
-21746 -25590
265 -18000
-7652 -20730
18796 -11610
-11567 -22080
22363 -10380
17752 -11970
-22268 -25770
5746 -16110
-2693 -19020
-21050 -25350
-12959 -22560
18448 -11730
29323 -7980
-15569 -23460
20884 -10890
-11132 -21930
-2258 -18870
-5477 -19980
5833 -16080
-23573 -26220
-257 -18180
12445 -13800
-10523 -21720
-13046 -22590
-23834 -26310
-25052 -26730
-14177 -22980
10531 -14460
20275 -11100
1918 -17430
-26096 -27090
-12611 -22440
21232 -10770
18274 -11790
-15134 -23310
-20006 -24990
-14090 -22950
-344 -18210
2701 -17160
-23138 -26070
-13307 -22680
-8261 -20940
-9740 -21450
-22094 -25710
-15482 -23430
-15743 -23520
-8783 -21120
4006 -16710
8617 -15120
-6347 -20280
-4520 -19650
25669 -9240
4441 -16560
6877 -15720
4528 -16530
-10610 -21750
26626 -8910
-22877 -25980
-779 -18360
-22355 -25800
3223 -16980
-25487 -26880
16099 -12540
27061 -8760
-22790 -25950
-16874 -23910
8269 -15240
28279 -8340
-10784 -21810
16012 -12570
-26531 -27240
2092 -17370
-29402 -28230
-24443 -26520
5659 -16140
-24878 -26670
6964 -15690
-24269 -26460
2353 -17280
-26357 -27180
-22964 -26010
-14873 -23220
-4607 -19680
4702 -16470
13924 -13290
11314 -14190
26974 -8790
-23747 -26280
27670 -8550
13141 -13560
-27923 -27720
-5825 -20100
8704 -15090
-7826 -20790
-27575 -27600
-13133 -22620
-7391 -20640
-24095 -26400
25147 -9420
-3041 -19140
-18179 -24360
8791 -15060
10096 -14610
-6260 -20250
7312 -15570
-3215 -19200
-28619 -27960
9139 -14940
22885 -10200
-12263 -22320
-28967 -28080
-605 -18300
7747 -15420
5050 -16350
12184 -13890
15925 -12600
-21833 -25620
-7304 -20610
28627 -8220
-27053 -27420
-4259 -19560
23059 -10140
-18266 -24390
-24965 -26700
7573 -15480
17230 -12150
5398 -16230
-9218 -21270
4093 -16680
-6782 -20430
-16178 -23670
-10697 -21780
-8957 -21180
-2867 -19080
25321 -9360
-23225 -26100
24103 -9780
-14003 -22920
17404 -12090
-1388 -18570
-15308 -23370
-28097 -27780
-26879 -27360
3136 -17010
-24008 -26370
-1736 -18690
18622 -11670
-12002 -22230
-16526 -23790
13402 -13470
28192 -8370
-11480 -22050
4354 -16590
-12872 -22530
7921 -15360
13663 -13380
16882 -12270
1222 -17670
-23660 -26250
24190 -9750
-11393 -22020
8182 -15270
-9392 -21330
28888 -8130
-20963 -25320
-16700 -23850
-12785 -22500
-6173 -20220
-11045 -21900
23146 -10110
20362 -11070
-19310 -24750
-14351 -23040
-83 -18120
17056 -12210
17578 -12030
-11915 -22200
12967 -13620
-9131 -21240
-25661 -26940
10879 -14340
-6695 -20400
-5390 -19950
-26009 -27060
18970 -11550
-28793 -28020
-13220 -22650
28714 -8190
-8696 -21090
-27662 -27630
-24791 -26640
-1997 -18780
7834 -15390
-13568 -22770
-20702 -25230
11749 -14040
-21659 -25560
-692 -18330
28453 -8280
27757 -8520
2788 -17130
13315 -13500
26713 -8880
25582 -9270
4615 -16500
4180 -16650
23494 -9990
12793 -13680
-6086 -20190
-18440 -24450
14968 -12930
15316 -12810
-4346 -19590
21928 -10530
-15047 -23280
-26270 -27150
-4433 -19620
19492 -11370
18709 -11640
91 -18060
-29663 -28320
23233 -10080
22189 -10440
13228 -13530
18535 -11700
-9044 -21210
7138 -15630
7486 -15510
12532 -13770
19579 -11340
21145 -10800
11662 -14070
14359 -13140
-13916 -22890
-28184 -27810
10009 -14640
526 -17910
1744 -17490
20797 -10920
26887 -8820
-7217 -20580
-14525 -23100
-20267 -25080
-17483 -24120
-6608 -20370
-27836 -27690
5311 -16260
25495 -9300
352 -17970
-26792 -27330
16969 -12240
-5912 -20130
-19832 -24930
-26444 -27210
29497 -7920
-6521 -20340
-11306 -21990
-1562 -18630
25843 -9180
-2780 -19050
19666 -11310
-22529 -25860
-2606 -18990
19753 -11280
16708 -12330
13489 -13440
26191 -9060
8095 -15300
13837 -13320
29236 -8010
-3128 -19170
-17396 -24090
4789 -16440
18100 -11850
26365 -9000
2875 -17100
5137 -16320
-28706 -27990
19840 -11250
27409 -8640
12097 -13920
-22442 -25830
-20615 -25200
14794 -12990
29410 -7950
-7478 -20670
-25748 -26970
17317 -12120
-25922 -27030
8008 -15330
22972 -10170
21406 -10710
19231 -11460
24538 -9630
9835 -14700
-21485 -25500
-27140 -27450
-6956 -20490
-7565 -20700
1657 -17520
-17135 -24000
20536 -11010
-3824 -19410
10705 -14400
23668 -9930
-8348 -20970
14620 -13050
-14438 -23070
-4172 -19530
-1823 -18720
5224 -16290
-20180 -25050
11140 -14250
-18092 -24330
-11828 -22170
1135 -17700
16186 -12510
-19484 -24810
11923 -13980
27583 -8580
-3650 -19350
-4955 -19800
15055 -12900
-26618 -27270
-17744 -24210
-5303 -19920
20188 -11130
-18875 -24600
11575 -14100
17143 -12180
2179 -17340
28801 -8160
15577 -12720
15229 -12840
-14786 -23190
-21311 -25440
-29315 -28200
-3911 -19440
10792 -14370
11401 -14160
-19223 -24720
10270 -14550
-20441 -25140
2527 -17220
22015 -10500
-17570 -24150
-15830 -23550
-18701 -24540
22276 -10410
28105 -8400
28975 -8100
9226 -14910
-3389 -19260
16273 -12480
-25400 -26850
613 -17880
-20093 -25020
26017 -9120
24625 -9600
19144 -11490
-19049 -24660
14707 -13020
1570 -17550
21319 -10740
961 -17760
19318 -11430
-1649 -18660
26452 -8970
-19745 -24900
12706 -13710
-10958 -21870
-28445 -27900
6529 -15840
-20789 -25260
-5738 -20070
14533 -13080
22102 -10470
-10175 -21600
-8087 -20880
-10871 -21840
24799 -9540
27235 -8700
-6869 -20460
11836 -14010
-17048 -23970
-3737 -19380
7225 -15600
-1040 -18450
-11741 -22140
-29228 -28170
-3998 -19470
-18005 -24300
-24182 -26430
-16439 -23760
-3476 -19290
3049 -17040
-28010 -27750
-18788 -24570
-10001 -21540
-15917 -23580
13054 -13590
874 -17790
9574 -14790
-9827 -21480
17665 -12000
3745 -16800
-19658 -24870
6703 -15780
6355 -15900
2614 -17190
-16091 -23640
22798 -10230
2266 -17310
20101 -11160
-4085 -19500
-4868 -19770
29845 -7800
-8609 -21060
-2519 -18960
24712 -9570
-18527 -24480
18187 -11820
3832 -16770
22537 -10320
-29054 -28110
1048 -17730
-22007 -25680
-28271 -27840
-15395 -23400
26104 -9090
-4781 -19740
-12176 -22290
-16961 -23940
21667 -10620
9487 -14820
25234 -9390
12880 -13650
-23051 -26040
-26183 -27120
-518 -18270
-19571 -24840
22450 -10350
-19919 -24960
-27401 -27540
11488 -14130
-18614 -24510
-20876 -25290
6790 -15750
5485 -16200
19927 -11220
-25139 -26760
-29576 -28290
20449 -11040
-2345 -18900
-24356 -26490
3571 -16860
29758 -7830
-14699 -23160
23320 -10050
13576 -13410
-10349 -21660
18883 -11580
-17918 -24270
-29750 -28350
15142 -12870
14011 -13260
-22703 -25920
28540 -8250
5920 -16050
-17657 -24180
20710 -10950
-27314 -27510
27148 -8730
29149 -8040
-24530 -26550
-13742 -22830
16360 -12450
23842 -9870
-5999 -20160
27844 -8490
6616 -15810
9052 -14970
-19397 -24780
6181 -15960
14881 -12960
12358 -13830
17926 -11910
20623 -10980
15838 -12630
-25226 -26790
-16613 -23820
26800 -8850
9661 -14760
23755 -9900
11227 -14220
1309 -17640
-5216 -19890
-8870 -21150
-7130 -20550
24277 -9720
7635 -13885
-12795 9515
825 -6085
-8709 4835
-19605 17315
8316 -14665
-23691 21995
-25053 23555
20574 -28705
144 -5305
-28458 27455
-3261 -1405
-18243 15755
-25734 24335
6954 -13105
-20286 18095
-5304 935
-27777 26675
-16881 14195
14445 -21685
-29820 29015
-5985 1715
2187 -7645
4911 -10765
18531 -26365
-15519 12635
17850 -25585
-29139 28235
15807 -23245
-1218 -3745
-14838 11855
-21648 19655
3549 -9205
-24372 22775
-27096 25895
-26415 25115
11721 -18565
2868 -8425
-8028 4055
15126 -22465
13764 -20905
12402 -19345
-12114 8735
-16200 13415
-23010 21215
19893 -27925
21255 -29485
-11433 7955
4230 -9985
8997 -15445
19212 -27145
6273 -12325
-10752 7175
-17562 14975
-7347 3275
11040 -17785
1506 -6865
-6666 2495
16488 -24025
-22329 20435
9678 -16225
5592 -11545
-10071 6395
-9390 5615
-3942 -625
-4623 155
13083 -20125
-20967 18875
17169 -24805
-18924 16535
10359 -17005
-1899 -2965
-14157 11075
-2580 -2185
-8608 29060
-17200 26436
-20422 25452
-13441 27584
-9145 28896
-15589 26928
-29014 22828
-22570 24796
-11293 28240
-17737 26272
-12904 27748
-18811 25944
-25792 23812
-9682 28732
-26329 23648
-29551 22664
-26866 23484
-10219 28568
-16126 26764
-11830 28076
-10756 28404
-13978 27420
-27403 23320
-18274 26108
-19348 25780
-21496 25124
-23644 24468
-19885 25616
-28477 22992
-7534 29388
-25255 23976
-23107 24632
-6997 29552
-8071 29224
-20959 25288
-15052 27092
-12367 27912
-14515 27256
-24718 24140
-24181 24304
-5923 29880
-16663 26600
-6460 29716
-22033 24960
-23712 11829
-13622 -1841
-3532 -15511
6558 -29181
1967 13518
-25537 -3120
20303 24610
-7201 7972
-16563 -3874
-27345 24488
-23751 15034
23929 -7587
-18644 20064
-4453 10847
8812 22348
11722 8930
13177 2221
25642 -16353
-336 -9183
12653 -12768
