1500
15 -9
-6 -30
2 -7
27 -13
-9 -31
2 17
16 1
17 10
5 8
17 -16
12 -9
-6 18
4 30
-4 14
23 -11
-26 -17
-10 22
10 -14
11 19
29 -17
3 2
7 23
-29 -4
-26 -20
12 -13
-18 15
13 23
6 -22
-30 13
-25 -18
-29 -6
-12 19
-31 -6
24 -28
30 -18
31 -18
29 12
25 16
0 26
20 18
-25 26
-18 -19
19 -27
23 10
10 1
-22 13
30 11
13 -16
-26 -5
-32 7
-17 -26
25 6
-1 -14
0 13
-31 25
28 -12
9 32
15 -21
-8 8
-25 2
2 11
20 -7
-24 -28
-4 -12
-10 -24
4 18
-19 21
-31 22
12 0
9 -29
-15 -10
-21 29
13 19
-5 -19
6 -29
32 6
7 -24
-4 -5
16 -13
-16 -23
-11 -26
-7 -32
-9 -29
6 14
21 -28
-22 8
14 -7
16 13
-21 26
24 29
-16 27
3 5
-17 2
-6 11
11 -22
-6 4
12 27
-12 -22
24 -17
24 24
-15 -32
24 4
30 -11
-32 -7
-15 16
20 -17
3 -13
28 -2
27 -12
-22 -15
23 -30
-15 -28
18 16
-9 -8
28 -32
23 -25
-8 -15
-29 -17
32 18
-4 1
-26 -18
2 23
-30 31
18 -24
-9 32
29 1
18 -25
6 -27
-24 -6
30 -8
-15 -5
8 -31
18 32
-8 29
17 0
28 -18
8 30
31 -27
-4 27
25 -8
-1 -17
-7 -16
0 -13
-10 15
-27 -24
-12 -26
-14 7
17 -2
6 -30
7 -27
-4 -18
0 4
18 -8
-12 -29
10 -26
6 -10
6 -3
-1 -22
14 -30
-4 -6
10 30
20 32
22 -28
-9 14
0 -27
-6 10
12 -8
-27 3
30 -3
-4 21
15 32
9 -25
-20 4
-28 -23
-12 -5
-22 -6
-1 -20
5 -9
-2 -6
10 13
-5 -1
27 2
-18 -8
9 13
21 -29
18 -4
5 18
9 -1
17 21
11 2
-24 -18
6 32
-5 16
-11 -30
-27 4
24 17
5 -30
-5 1
-16 -18
28 23
26 22
-11 -6
-11 0
-18 -11
-1 -16
30 8
18 -18
-12 -1
-32 0
32 8
-29 -29
-13 11
-1 3
-28 23
7 -21
25 -22
-7 18
14 21
18 -2
25 21
24 -24
-20 -1
13 29
-29 -23
-5 -30
28 -8
-11 23
-11 -14
-3 -11
29 27
-21 -23
-6 -18
-1 -15
-8 28
-13 27
16 -15
9 -2
1 26
-6 20
-23 -29
-1 9
-7 -29
-2 -16
-24 -2
20 15
-26 16
7 17
20 2
-26 -14
-20 -21
-31 -14
7 32
27 -27
5 10
-10 7
-22 18
-28 -8
8 -32
-28 -28
-23 -5
10 12
11 31
-24 8
27 -2
-5 6
-26 24
0 -21
10 4
10 29
5 29
0 -26
2 -25
16 -2
9 27
-9 -30
22 -32
24 -13
18 23
25 -20
23 -15
-8 32
31 12
-23 1
24 18
4 19
9 -11
-30 29
-7 -5
24 10
-26 -28
-5 -16
10 2
-15 -6
4 -25
-14 -6
-13 28
-3 -29
8 -23
1 -7
24 -6
-5 14
1 32
10 0
11 1
-29 11
-19 -25
12 12
-12 10
-6 30
20 -14
26 -5
-19 4
31 6
-24 -12
-7 1
4 23
2 28
8 -19
17 -4
8 -25
-13 -9
-20 -9
17 -12
-1 -13
-19 8
26 -9
-19 9
3 10
21 4
-1 1
-11 15
32 7
-28 28
-23 14
-15 -15
28 21
-4 -27
5 0
5 30
-25 32
-10 -17
8 28
6 -20
15 11
26 13
8 0
-13 -15
-29 -2
2 29
-28 12
-23 -8
-29 24
-7 14
-3 6
-17 30
3 -10
6 21
-3 17
-26 -6
29 22
-4 -11
-28 -26
4 -18
18 -21
-5 -8
-9 16
18 24
-16 30
19 31
-24 -16
2 32
13 -6
-3 -5
-20 30
32 17
2 -31
-14 19
16 15
26 30
10 -22
-12 -14
-26 12
-26 -27
-31 29
26 21
27 -20
26 4
14 28
-3 -4
-10 1
-9 27
2 -19
-4 -20
27 7
11 -27
7 29
-31 17
-14 -5
-4 -28
31 -10
-12 7
-1 -1
19 30
-15 -12
-3 -16
-23 -13
1 -21
32 -25
-29 -19
-20 9
20 -3
-13 6
-22 30
-29 15
-17 -14
-15 -18
-14 -15
-16 10
-32 26
-3 -28
-13 24
-5 0
-28 -4
0 -2
-20 -16
24 6
-8 23
-20 15
20 -31
21 31
-22 32
-17 -30
1 31
-2 19
24 -3
-24 4
11 -9
24 16
30 13
-18 -12
-31 26
21 -26
22 3
30 -22
-19 -9
-29 32
-27 -4
-12 20
21 12
25 -10
-25 21
23 -14
6 1
23 26
-9 31
-27 -2
-25 -5
-4 -9
-11 -3
20 23
21 -17
-4 -29
4 14
26 -26
-4 -13
14 31
18 4
11 25
30 -13
10 -25
23 -23
28 -5
-28 29
14 26
-21 -8
-12 -15
-27 29
-28 -16
32 5
-4 5
-2 8
-11 28
8 16
-21 -32
-12 14
-32 17
11 14
7 20
-17 -27
-2 5
22 -3
22 -13
-13 -1
12 -5
-4 -24
-13 12
-9 -11
-1 22
30 29
-7 5
-28 7
-11 13
32 -21
-21 25
-12 15
27 -3
3 3
-11 -17
21 -16
-9 20
-11 1
-5 -11
19 1
-1 16
-28 -1
4 -5
1 -25
-3 -18
-9 6
4 1
10 21
-31 -31
-24 -31
-19 19
18 -5
31 -19
24 -4
13 31
19 8
10 -30
28 15
10 3
6 -12
18 6
7 0
24 22
-2 0
6 25
-22 -9
2 -17
28 0
22 0
21 25
5 -32
8 18
-31 7
26 -6
-7 30
22 -30
21 3
-10 30
-6 -1
4 31
1 4
-26 19
-23 5
8 -16
7 14
5 26
29 20
6 12
31 -15
-14 23
-22 27
10 14
6 3
-32 24
-7 -11
-7 -22
-23 -28
12 -17
26 -8
-21 -15
4 3
17 12
-7 -13
18 -20
-20 -26
-9 -23
29 5
-32 -26
16 -11
5 -3
18 27
-21 15
22 29
6 -8
-8 -32
23 -31
32 26
4 27
8 17
7 27
-27 10
-17 -32
27 30
-23 12
-31 -4
21 -24
-5 -6
-6 31
0 31
-12 -30
-30 -15
4 20
3 32
-3 21
-23 -20
-14 -24
-14 -3
13 2
-10 -30
-7 -31
-5 -23
23 4
-22 -11
-26 -4
-27 21
-15 24
0 14
-4 -15
18 -10
9 -3
-15 -3
31 8
9 -5
-8 -29
17 -24
15 18
30 20
-2 22
-14 11
-10 -5
29 0
-14 -11
-23 16
-29 -9
17 -14
11 16
16 23
-13 9
-15 13
-12 -13
-30 24
-17 9
8 21
15 -28
-6 -22
-9 -9
-2 -1
-14 -13
18 -29
-16 -2
19 -24
12 -7
17 29
-7 -23
17 24
19 16
-15 4
-32 -32
1 2
-16 -1
-32 -6
29 8
10 -7
5 -25
-1 11
-11 -2
-7 -24
-1 -2
-18 -13
-30 5
-17 -18
-5 23
-5 -28
-1 -27
31 4
29 -6
-23 -30
28 10
-27 -32
-24 27
18 0
-27 -18
2 14
25 23
13 -17
13 8
-5 32
5 -17
-15 -14
-12 -10
-12 0
-19 26
32 24
28 -26
2 9
-30 -31
-30 -23
16 5
-30 -1
-13 -12
8 -5
-13 -14
-14 13
9 28
-27 -9
16 10
16 0
12 2
-18 18
14 -6
11 11
5 -12
-19 -3
3 -8
21 -15
-29 6
3 31
29 -23
28 -21
17 30
5 17
-8 -12
-25 -12
28 -15
20 -25
-30 -27
15 26
32 16
-23 13
0 0
-18 16
-11 -13
15 -16
-8 4
2 -12
-31 1
-22 -8
32 -7
-31 -5
-3 13
-11 -22
15 3
29 -25
20 8
-8 16
30 -12
-6 -14
0 19
16 -23
27 19
14 -13
-31 31
-25 20
-13 -16
30 -19
-16 3
15 13
-8 0
15 -13
-29 26
27 13
25 -23
2 25
-19 -28
4 12
12 -1
-28 27
-14 -31
24 -9
-3 27
-17 -6
-27 1
-1 8
-10 31
8 -29
-23 17
8 23
3 -29
7 -13
23 19
-11 6
19 -5
-22 -24
-13 -19
2 22
-28 2
-20 28
29 18
-22 5
25 -3
14 23
6 9
-29 28
19 6
-27 -21
2 4
-21 -12
-4 26
30 32
22 6
21 23
-16 -25
-16 -28
-13 4
9 22
-9 26
-13 -5
5 -1
5 -29
-28 -22
31 -32
15 -20
28 30
32 21
15 28
-5 31
17 -15
-17 29
7 2
-6 3
25 -26
-1 -11
19 -12
7 10
12 -25
-29 21
16 21
-21 9
9 6
-26 -25
2 1
-9 3
11 -21
5 -31
-24 11
0 -17
20 5
-28 -31
0 -30
-26 20
-5 -10
31 27
14 -18
-32 -16
-2 -12
-5 13
-9 -27
17 -8
24 31
-3 7
-6 0
32 10
-12 -9
-18 -6
-30 21
31 -23
9 0
-17 0
-6 15
-1 2
14 -15
-10 -9
32 28
-6 -11
-31 -28
-13 19
5 7
-15 -16
-32 25
-10 -7
2 21
8 -2
-16 8
-13 17
27 21
-10 -18
1 21
21 -21
30 -6
-30 9
14 25
-29 18
-9 -4
-18 -26
-11 4
-29 -25
-22 24
29 30
-31 -22
-30 -18
-31 12
22 21
-3 18
32 22
18 18
-11 18
-16 2
-32 1
20 -27
6 -18
23 1
27 14
9 18
11 13
-20 -20
-19 -29
13 -2
12 -2
-32 23
-9 10
-26 26
31 14
7 -18
27 -28
-21 18
-5 9
-15 0
-7 15
19 14
-29 -32
-27 -8
-21 2
2 24
-13 -30
-23 -3
-29 23
-26 -9
11 -32
11 -2
24 12
-16 -29
-16 6
-25 3
-21 -18
30 12
30 21
-12 -23
31 -20
-26 14
30 -26
-3 -31
8 11
1 -3
-6 6
10 20
-30 -5
29 24
25 20
29 11
-22 -14
-28 31
19 10
-5 -15
-20 12
32 2
0 -31
27 -22
26 6
23 16
-7 32
9 -26
2 16
-13 22
8 -17
24 -1
-2 21
1 0
21 13
5 15
-20 -27
-20 13
1 -2
18 11
-29 -24
-29 7
29 -4
-6 28
28 31
7 -17
1 -19
-12 4
-19 16
-2 16
-24 19
17 14
-14 -2
-18 26
10 -17
-3 -14
-30 10
25 29
31 -29
32 -23
10 -13
-23 3
10 -4
-24 -1
-30 -22
-20 26
-3 -20
8 3
-2 -25
-10 13
-22 -27
-8 -14
-7 22
-23 -11
27 -9
-14 -10
-26 -1
26 -3
-5 21
13 -18
-8 1
25 18
6 -5
-20 -15
-7 -30
25 -18
-29 -31
-25 23
-22 -29
-4 -1
0 -12
-28 24
7 -26
4 29
24 15
11 -11
19 -32
-24 0
29 -14
27 9
-11 -27
-28 9
5 2
13 11
32 -31
-21 16
13 -26
-29 -8
5 -10
-10 12
31 23
27 -8
-26 25
-25 19
-25 17
-31 -3
13 22
5 -20
4 -2
-32 2
-19 32
8 -8
29 26
-4 6
20 16
31 -5
17 -26
-3 -13
-10 27
4 -8
26 -27
16 -28
1 29
-7 0
-27 7
-6 5
0 25
-7 -8
-19 -15
10 15
19 -11
-8 -7
-24 -8
-24 21
-15 -19
-10 -16
-18 22
-19 -11
-6 -28
-23 18
-28 18
-9 9
-26 -26
28 7
9 9
-27 26
7 -1
-24 -17
-30 -29
7 3
-6 -26
-31 28
21 7
1 23
-2 -3
16 -18
-28 6
7 -2
15 2
-24 23
7 8
-26 -2
5 -7
-23 22
14 -19
1 -15
-17 -3
-12 3
14 18
-32 -25
9 -19
-15 -20
11 27
2 19
-15 10
21 -4
-30 -26
21 30
3 -27
-16 -13
16 29
-26 32
-13 -8
15 -26
20 22
18 -12
-25 22
14 -3
-27 27
-30 -20
6 7
-9 0
-18 8
21 -7
-11 31
-17 13
16 -19
-10 18
-29 29
27 12
9 23
31 -16
-9 25
3 -18
0 2
-25 28
24 -12
-16 -12
0 -25
8 29
-14 -29
26 28
11 -3
-23 31
19 22
-6 -3
25 -13
-2 -7
28 16
25 7
-25 13
22 17
25 -28
-14 -27
25 -1
-17 16
7 -22
-32 -30
11 -31
25 -24
3 -6
2 -26
-22 -12
28 8
-1 -26
-5 26
0 -11
16 25
-10 29
10 -32
-11 14
24 21
0 -3
-13 -11
-8 -13
12 -15
-25 25
19 12
-17 24
-28 4
-3 -8
0 -10
-28 30
-8 18
7 26
-15 5
-16 9
-29 4
-28 -9
-25 11
24 -29
-11 -29
12 20
-11 -15
4 -6
-17 17
22 -16
15 -4
-9 -21
28 -20
19 -19
26 8
-25 24
3 27
8 13
10 9
14 8
29 -29
-11 -8
-21 19
-7 -1
21 15
23 -4
3 -14
-16 29
30 -14
21 9
-14 -22
1 16
-8 27
-29 10
4 24
-1 -30
5 -24
14 -24
3 -25
5 4
-23 -16
16 27
0 -1
30 28
-1 25
8 -3
-14 25
-5 -26
7 -31
27 -19
-10 -20
7 22
-22 26
4 -9
11 -20
19 -16
9 -8
1 12
-3 -10
18 12
22 7
1 -10
3 7
3 -31
15 20
-3 20
32 -29
9 -32
-11 21
-31 -13
-32 12
-27 31
0 24
-10 -4
12 -29
32 -13
5 27
4 0
20 7
18 -14
4 -22
-13 -32
22 -18
-19 -1
17 -13
-19 28
29 -2
-17 27
17 -9
25 -7
8 -24
6 13
-28 17
-16 -15
-11 -5
-10 -22
30 16
6 -21
29 3
14 5
7 6
9 -12
6 10
-3 28
-23 23
-18 10
-14 6
10 -8
-20 -11
-19 -8
-21 -28
4 -12
19 -1
-21 23
-24 1
-27 -29
-23 0
-11 -25
22 25
-14 0
-24 -10
18 -32
4 11
23 30
-32 22
-19 6
-11 29
15 31
2 3
-23 30
11 10
14 0
-24 -26
-26 -12
-20 -8
-21 6
-22 -10
-13 20
-10 -10
-21 -16
-19 -26
-2 -28
17 -1
26 23
-18 -22
-9 -2
-26 6
20 10
-16 23
-22 -17
-2 18
1 11
-22 -16
15 -31
-14 18
8 7
-25 14
4 -24
-17 -4
31 29
21 21
5 11
-20 -28
18 31
-11 -28
32 -19
21 26
28 19
24 27
-12 6
14 13
19 -4
22 4
23 6
16 -17
-32 20
-5 18
17 -3
-23 11
4 10
-15 20
-8 24
-29 12
-16 -3
20 -2
23 -6
31 -26
19 29
30 -21
-1 -23
-27 19
-4 31
-7 6
-24 -27
-26 4
-17 -11
29 -26
11 12
9 1
5 19
1 -17
-27 8
15 -3
18 8
-2 -27
18 -27
17 28
-28 15
1 25
-24 -14
27 29
30 19
10 8
19 -26
-15 -25
12 -4
-14 -23
7 -9
-7 31
29 -10
-23 -9
-30 -9
-14 15
7 -10
14 -20
2 15
-29 14
0 -19
17 -21
-19 18
23 -19
-18 6
-27 28
-4 -31
-21 14
-30 -30
12 -28
17 23
-12 27
26 27
-20 22
-12 12
3 -16
5 -26
-13 -3
-13 -27
5 22
-5 11
-4 -7
23 20
-29 22
-15 -27
22 22
11 -23
25 0
-30 14
19 2
-14 20
-10 9
-22 23
15 15
12 -12
-1 10
0 27
16 7
20 -28
17 -11
-2 29
-23 -26
27 27
-24 -15
-23 -17
-4 24
-8 25
-18 28
-9 28
3 -26
28 -4
28 -28
-9 4
22 9
-10 -27
-3 -27
-29 13
17 -17
-19 -13
-26 -30
-2 13
-4 -26
-30 16
-17 -8
-10 6
-24 31
32 19
10 16
-28 0
-20 27
