1500
-29997 -1748
-29949 18991
-29934 7600
-29876 -19084
-29868 -9266
-29757 -28667
-29673 9762
-29609 -19991
-29600 -26370
-29468 -27537
-29421 -10308
-29397 -9071
-29376 -4638
-29369 1289
-29286 -19528
-29242 25895
-29199 -8753
-29172 -5900
-29168 -12997
-29159 -10472
-29151 8360
-29105 -10997
-29096 -12663
-28985 -22419
-28852 15761
-28843 16211
-28829 17408
-28794 -5988
-28749 -17029
-28705 14642
-28685 -6233
-28642 16163
-28641 -19588
-28639 -19741
-28543 28556
-28512 13944
-28502 7988
-28498 -6331
-28478 13384
-28237 26360
-28213 16065
-28206 -5321
-28110 -23688
-28049 -13370
-28041 14252
-28017 -21606
-27887 -20940
-27865 -16679
-27831 10420
-27760 -7748
-27716 -7788
-27714 -18392
-27598 19992
-27575 -11784
-27530 1820
-27521 4670
-27491 11944
-27478 -23553
-27291 -18000
-27118 14749
-27068 -2137
-27063 24843
-27062 -18358
-26996 26895
-26993 -25980
-26991 -29437
-26950 12348
-26905 -10069
-26885 -12000
-26839 18442
-26837 -14894
-26792 -26929
-26675 2994
-26664 -28978
-26551 5658
-26518 -29374
-26472 -14467
-26369 11690
-26358 6478
-26340 -20485
-26314 4923
-26295 -21895
-26273 21140
-26232 14672
-26200 28719
-26178 19238
-26141 -19380
-26069 10504
-26067 5589
-26031 -29891
-25908 -21762
-25858 -9556
-25834 23269
-25742 21895
-25709 -21134
-25589 24805
-25585 8054
-25566 4878
-25514 -28244
-25509 -20439
-25445 26031
-25363 28139
-25354 16328
-25340 -195
-25241 -9700
-25190 7612
-25121 -5433
-25119 5807
-25023 -28106
-24995 -5777
-24981 -3999
-24949 -9749
-24805 22049
-24779 -26690
-24769 9992
-24754 23394
-24753 -19453
-24728 -29527
-24700 -2454
-24636 -14845
-24625 -2510
-24577 2413
-24532 -10208
-24518 16311
-24425 -9909
-24387 7319
-24364 12338
-24351 5984
-24321 25608
-24257 13923
-24224 15539
-24193 13797
-24190 13355
-24074 -4875
-24047 5681
-24016 6183
-23987 -6825
-23970 -15801
-23905 -18949
-23890 -15305
-23809 26615
-23663 -19504
-23646 27947
-23601 -5784
-23560 -18494
-23552 -11491
-23511 -5401
-23498 -1780
-23400 4829
-23365 2860
-23360 -13818
-23355 -25570
-23344 28377
-23342 -1419
-23241 15999
-23233 15917
-22982 -9116
-22970 17001
-22951 27845
-22946 2052
-22944 -14191
-22931 20245
-22841 -17281
-22793 -2931
-22756 -18236
-22750 -2380
-22690 -1993
-22641 10012
-22614 14651
-22604 27249
-22603 -10865
-22566 -6905
-22529 -9912
-22488 12896
-22485 -4573
-22449 -19344
-22437 -6688
-22429 -17611
-22415 15425
-22382 29286
-22377 -29469
-22372 -8530
-22340 14357
-22336 25064
-22324 -17747
-22298 2511
-22292 -404
-22282 -28180
-22259 -23854
-22257 19264
-22159 28089
-22123 -12093
-22122 916
-22058 -27649
-22057 -1608
-22034 -25876
-21976 9003
-21883 -14893
-21834 5258
-21767 10685
-21763 10203
-21725 -1201
-21686 1019
-21679 16158
-21672 -15795
-21570 21703
-21557 -12586
-21543 1939
-21518 8300
-21498 5932
-21447 -16887
-21253 -12804
-21231 25116
-21204 12104
-21186 -10607
-21179 -6324
-21157 -235
-21153 8631
-21139 -15668
-21032 14245
-20976 -5014
-20961 12596
-20928 23742
-20919 19919
-20892 12632
-20884 -18699
-20843 -18017
-20823 -7549
-20773 14690
-20757 -17225
-20713 5388
-20709 5478
-20663 -24079
-20655 5214
-20642 -5229
-20588 22668
-20568 19355
-20563 -15852
-20530 6005
-20493 -19016
-20433 -5751
-20426 26438
-20416 27133
-20319 22462
-20212 14581
-20157 -11100
-20154 10
-20105 -21165
-20105 1355
-20007 28044
-19974 26724
-19948 10584
-19913 24626
-19896 -15924
-19824 -25887
-19813 -666
-19797 -19824
-19790 6309
-19786 -2935
-19758 8434
-19740 9406
-19715 -3084
-19705 25742
-19699 22461
-19642 -289
-19597 19140
-19550 23847
-19518 -27746
-19504 5369
-19496 -5912
-19433 28071
-19397 16215
-19372 -24520
-19367 9535
-19329 9054
-19323 218
-19260 28111
-19227 12141
-19219 21629
-19192 24139
-19179 14839
-18982 7175
-18970 -21787
-18941 4932
-18939 -28106
-18829 11934
-18769 11194
-18756 17197
-18752 18810
-18731 12009
-18702 -22240
-18694 25689
-18609 -7824
-18590 6424
-18564 -25276
-18556 27179
-18550 8255
-18532 -11846
-18497 10992
-18496 -22441
-18489 -23621
-18085 2971
-18077 2290
-18005 -15967
-17992 27966
-17962 -25948
-17944 26169
-17887 26913
-17879 23439
-17791 -7269
-17777 15365
-17747 22582
-17743 -10046
-17725 6586
-17651 -14994
-17644 2351
-17624 -18751
-17532 -8930
-17486 21086
-17452 7755
-17393 8595
-17367 -17075
-17357 26073
-17355 -8306
-17295 -13716
-17280 9571
-17274 19747
-17197 -16265
-17191 3723
-17100 29501
-17090 -23630
-17088 14398
-17058 -11881
-17036 6556
-17029 -19957
-17005 15707
-16919 -9521
-16893 -17489
-16862 8206
-16853 -24069
-16650 4929
-16620 26455
-16549 -6062
-16543 -17536
-16535 -22500
-16438 17233
-16428 20380
-16407 376
-16354 -14911
-16206 21365
-16138 -20145
-16112 -24244
-16110 -22857
-16083 -22341
-16006 -13737
-15976 25920
-15962 -3044
-15957 -21796
-15957 -14921
-15948 11540
-15942 26997
-15919 23176
-15898 -18163
-15891 -24692
-15787 -4907
-15783 21713
-15765 11472
-15711 -23912
-15663 -11053
-15639 -4362
-15602 -12708
-15569 -18195
-15469 23885
-15380 -2436
-15352 17074
-15348 2220
-15281 20808
-15230 16342
-15218 -1638
-15110 16270
-14891 -26768
-14824 13436
-14821 -6327
-14806 -12446
-14804 -13607
-14717 -2892
-14673 -6209
-14652 22866
-14603 -4935
-14515 20241
-14493 27367
-14475 28016
-14415 9590
-14381 6282
-14370 -25458
-14308 -18780
-14264 27157
-14258 -20869
-14056 -14164
-13897 -3649
-13837 -13373
-13772 -4732
-13681 11048
-13644 -18269
-13586 11697
-13584 26076
-13542 -17135
-13535 16588
-13447 9380
-13345 12951
-13303 25956
-13215 9110
-13202 -25933
-13137 -72
-13032 -15538
-12997 8983
-12984 10133
-12965 -27920
-12965 18563
-12942 -189
-12819 -225
-12818 11208
-12727 493
-12713 -26110
-12684 27036
-12669 28749
-12563 -27246
-12544 -3614
-12480 14916
-12447 -17295
-12389 -11878
-12325 -16074
-12324 6094
-12308 -27674
-12269 -14372
-12232 -18695
-12225 -20386
-12205 7330
-12160 -8370
-12147 21522
-12131 18789
-12102 16984
-12085 -19347
-12039 19405
-12034 -352
-11950 4974
-11889 -12643
-11880 6965
-11820 21195
-11804 16811
-11781 14646
-11709 -13715
-11575 -7661
-11551 2643
-11494 3902
-11450 -10817
-11406 2479
-11306 -18145
-11193 -12564
-11187 -8674
-11055 -23859
-11050 14026
-11035 -24140
-11008 2706
-11002 18111
-10977 -12463
-10964 26510
-10958 -8714
-10885 -2214
-10873 13794
-10844 -4779
-10826 16897
-10826 22317
-10809 -14445
-10793 22083
-10747 -4003
-10719 -22836
-10697 -29597
-10697 -22283
-10677 -24296
-10654 13646
-10609 -20337
-10608 -5850
-10541 7527
-10539 21292
-10499 28160
-10498 7352
-10470 -19697
-10390 -29990
-10317 28414
-10295 -20106
-10262 -24302
-10151 -11940
-10135 18502
-10070 -14006
-10035 -3229
-10009 -10139
-9989 28079
-9988 -3400
-9987 17123
-9981 28867
-9950 13550
-9931 -21778
-9872 16129
-9822 1151
-9756 1811
-9729 22790
-9637 -9945
-9621 -1510
-9516 -21524
-9504 19385
-9485 -29517
-9481 20170
-9457 -22687
-9417 -8243
-9369 26695
-9322 -8123
-9277 6309
-9166 -11735
-9090 -20494
-9044 -18426
-8871 12718
-8823 15242
-8796 9923
-8782 24402
-8768 2567
-8762 -14078
-8738 6454
-8682 6686
-8656 19274
-8607 23928
-8560 9437
-8523 -10897
-8511 29647
-8492 16838
-8474 23706
-8446 -15604
-8429 11672
-8419 -13918
-8418 18969
-8396 29404
-8265 10351
-8187 22113
-8066 -12444
-7904 7147
-7894 -14646
-7854 14124
-7783 -1176
-7763 -1778
-7702 -5228
-7617 -22573
-7586 -16128
-7558 6086
-7554 -6847
-7552 -6320
-7516 -13746
-7507 16261
-7500 5062
-7474 -6729
-7416 -1940
-7405 22363
-7287 -2266
-7286 -28129
-7140 7235
-7127 -15378
-7097 2616
-7095 -11766
-7095 11505
-7094 -19528
-7068 -23491
-7056 -23458
-7045 20888
-6988 11592
-6988 23200
-6946 -12815
-6938 -29192
-6925 -16882
-6914 15860
-6912 -13388
-6909 -15845
-6904 -26875
-6893 -7697
-6835 8179
-6829 11545
-6747 19725
-6738 -7705
-6658 -13117
-6658 -12734
-6657 -25265
-6643 2447
-6537 -12869
-6470 16046
-6368 -12416
-6273 29441
-6232 -20794
-6186 5733
-6044 -23462
-5913 -25571
-5909 -15896
-5900 -8903
-5849 26425
-5831 -4130
-5817 -21184
-5817 24316
-5779 -22668
-5778 -24464
-5749 26580
-5744 -8727
-5735 -13106
-5676 -15614
-5663 -2793
-5578 -20177
-5559 -8976
-5554 -9466
-5552 7609
-5546 22640
-5424 -5497
-5400 -7393
-5339 -8390
-5329 -8886
-5313 -27077
-5308 2716
-5298 23649
-5246 -24246
-5244 90
-5219 929
-5169 28523
-5158 22798
-5142 19410
-5111 -1094
-5096 20682
-5048 -4351
-5046 16656
-5035 -10779
-5034 -27596
-4933 -18948
-4913 -11004
-4911 -19593
-4908 27903
-4881 -20219
-4877 17625
-4824 -29792
-4811 -5009
-4801 -20711
-4795 -25057
-4785 26624
-4753 -25176
-4747 -8508
-4685 392
-4666 -51
-4656 26809
-4569 -26809
-4546 22423
-4454 23314
-4402 -25221
-4373 -19802
-4285 -27960
-4249 29725
-4235 -6220
-4185 19130
-4173 -8356
-4162 1192
-4019 3245
-3985 3255
-3979 26195
-3978 20882
-3865 -17362
-3827 -22482
-3788 4786
-3725 -4911
-3707 -18753
-3677 683
-3663 24001
-3645 -26151
-3627 15852
-3621 -17374
-3559 29763
-3502 -27390
-3501 16376
-3478 19534
-3346 -14874
-3261 -23220
-3204 15684
-3169 -28880
-3151 -9290
-3094 14053
-3050 892
-3009 11082
-2961 18784
-2924 18262
-2891 -22896
-2880 -9933
-2841 -23902
-2830 3333
-2805 -8676
-2767 -27116
-2714 19060
-2669 9989
-2666 -11268
-2620 21174
-2597 17288
-2574 22082
-2569 17086
-2509 26277
-2485 -20666
-2429 -29584
-2427 10508
-2307 -8466
-2244 -26175
-2139 -22869
-2048 14898
-2008 -9889
-1982 6111
-1909 -12580
-1815 82
-1717 21253
-1614 15987
-1606 -25183
-1425 19193
-1316 18520
-1292 10377
-1262 -4357
-1206 13177
-1204 -5006
-1165 -10706
-1164 -8213
-1123 14384
-1058 20533
-979 -12943
-978 -12362
-968 -21731
-940 29049
-897 11495
-857 -12549
-744 1371
-736 20209
-685 -1099
-610 -6560
-589 17909
-545 14545
-516 1001
-497 5750
-440 886
-438 27209
-433 -3013
-353 1529
-336 -28295
-247 -25611
-244 9126
-240 12457
-227 -3382
-166 -2127
-159 6472
-123 -22416
-98 2781
-84 25904
-66 5470
-34 27096
-29 -12138
92 -11284
196 23848
251 7866
314 -4616
316 27494
317 -15260
340 -18742
469 -21899
475 16395
485 3755
557 -8982
589 -3848
638 29725
640 -9659
670 -2453
672 21360
715 2548
717 -7191
717 9951
730 -29804
790 -26326
853 -17856
1027 -11444
1034 -29736
1055 -15142
1083 2414
1097 -11886
1100 22611
1143 9352
1145 -21133
1189 23084
1210 -23261
1240 -19369
1247 -11026
1265 -17291
1285 28067
1397 -25388
1453 20335
1467 26633
1523 20554
1526 10131
1693 10980
1793 14198
1854 -844
1899 872
1918 4397
1991 -9469
1995 4983
2014 13271
2025 -302
2051 -11396
2099 20351
2129 -2317
2136 -21738
2152 9761
2284 -29585
2307 -13651
2314 -23604
2359 -9860
2364 28023
2482 -15156
2546 -14644
2583 -20703
2592 -24209
2605 7578
2689 -23302
2777 1532
2870 -7144
2878 15710
2950 -2191
3007 3535
3104 -26290
3218 -15152
3222 -29851
3262 -26502
3317 1463
3318 8043
3328 19281
3356 -12112
3356 -9186
3421 24810
3429 -8141
3434 16395
3438 6854
3442 8764
3459 -27307
3497 19140
3518 -19724
3602 -1240
3662 9965
3670 25452
3694 20004
3749 16475
3759 -4482
3775 -734
3793 -21582
3800 24019
3801 -4260
3811 -4230
3840 -27639
3867 2205
3879 19311
3885 14793
3923 -6931
4139 2014
4149 -1162
4215 13715
4239 10414
4241 23628
4277 -16584
4278 -19878
4296 28355
4299 16301
4318 10425
4355 -14870
4371 9897
4412 3706
4579 -11932
4583 -20052
4834 7261
4837 -9656
4878 6055
4881 29006
4906 -25364
4940 -1094
4946 27180
4973 15586
5008 25529
5014 -27412
5035 -10997
5072 -5908
5096 -463
5099 24779
5120 15188
5252 -28545
5265 15922
5346 -20306
5378 21146
5478 -12131
5534 2594
5647 -6703
5652 -22625
5694 -18914
5745 -5828
5754 -28293
5764 -4962
5808 24460
5858 -9638
5893 5008
5931 -15649
5989 9371
6037 -29657
6086 22673
6100 -11770
6190 -11989
6244 3017
6310 -3772
6345 19391
6433 -25149
6439 11771
6447 -29233
6449 2203
6536 8591
6549 -25849
6604 -13267
6653 16854
6792 25885
6823 -4714
6878 21978
6896 -9158
6899 -20574
6906 2565
6963 -18746
7059 -11622
7063 -10183
7132 25685
7168 26995
7202 -3369
7206 -23616
7265 -6449
7397 4986
7411 -14620
7416 11894
7420 -9943
7427 3238
7501 -8832
7526 16127
7527 13563
7620 5382
7626 -7723
7629 5465
7651 26498
7701 -20852
7725 7253
7734 10264
7795 28978
7821 -28074
7834 -7504
7905 8371
7907 -14909
7919 14294
7951 -26958
7952 -25831
8009 -26815
8017 589
8033 -28955
8127 18192
8141 12358
8162 -955
8245 13372
8270 -29926
8274 -10797
8279 -17695
8310 1668
8357 -5877
8485 9428
8499 17276
8525 4363
8528 4480
8577 5534
8633 19986
8773 -27959
8803 28049
8977 5354
8995 14542
9048 1014
9107 18863
9118 -29336
9140 -20544
9175 -18947
9183 -25403
9229 20324
9285 21769
9316 15669
9421 -4038
9462 21109
9550 8977
9605 -6181
9654 -8324
9712 14589
9718 -5405
9815 3430
9877 18762
9975 -17288
10000 -7194
10015 -2200
10088 -6183
10147 16902
10206 -24336
10214 8889
10216 26099
10297 20652
10325 -4346
10329 22909
10351 27417
10356 -10198
10407 -21316
10544 11631
10557 -13249
10557 6261
10630 -16818
10643 -8830
10654 7167
10654 23301
10708 25841
10754 -3775
10782 12222
10786 3077
10831 -5535
10839 -5407
10846 -9547
10851 -4355
11012 -14935
11024 19091
11029 28433
11089 21899
11167 -15819
11169 27822
11221 2500
11227 10951
11337 10283
11362 -13346
11380 -20180
11387 3078
11388 -12478
11412 -1409
11459 -11184
11510 -3559
11737 -7797
11789 -10664
11807 10268
11817 21685
11893 -10192
11926 21361
11938 -4584
12039 9342
12045 -29551
12055 24852
12058 21920
12075 1634
12177 -7512
12223 -17827
12255 23191
12260 -26236
12280 3826
12380 -19178
12442 -20202
12490 6591
12495 -1052
12500 -7398
12504 26286
12597 -12080
12615 6638
12622 -16867
12631 -29437
12690 -23617
12698 16083
12777 -6497
12830 -23977
12845 17339
12923 16522
12969 11827
13077 17653
13088 -19457
13152 -26749
13156 -3501
13163 4938
13175 -28415
13185 -11125
13193 26987
13220 10066
13263 12260
13270 8260
13405 4104
13475 17194
13480 21172
13556 8006
13556 16520
13569 -2055
13581 -8575
13627 23581
13634 6912
13656 9821
13734 7864
13905 -8360
14014 25027
14023 -8308
14032 18323
14084 -8055
14197 -8762
14216 26261
14218 -22586
14234 10187
14246 16583
14265 -26122
14302 -15143
14304 24035
14352 25894
14362 -1117
14386 21182
14422 -2519
14424 -12941
14540 23906
14561 -26539
14586 -10289
14598 5329
14719 48
14755 -3515
14770 -3643
14772 15678
14826 -5433
14848 -15099
14872 11990
14925 -17969
14946 17399
15022 -14779
15041 8208
15053 463
15060 18415
15091 -26570
15132 -13731
15183 21670
15289 -8633
15391 -5487
15540 -15388
15540 18340
15616 -21741
15632 -4392
15692 -7328
15708 -28137
15731 104
15759 4459
15792 8237
15803 18187
15932 7099
16083 3199
16176 -19598
16223 5984
16262 -24032
16275 21833
16316 -2180
16350 26331
16484 -20392
16526 24978
16536 -4221
16738 -3630
16789 16979
16818 -16562
16921 -29502
16972 -9672
17023 -29630
17029 -27896
17081 -10646
17097 -1196
17116 -29058
17167 25805
17194 -4157
17310 781
17429 23282
17430 14411
17439 -24440
17492 25244
17498 -12919
17537 -15224
17573 -5121
17578 29109
17698 5198
17702 20215
17709 3985
17716 25185
17854 3361
17855 7613
17893 23183
17935 29362
18034 -29386
18117 23793
18168 -23938
18177 -13409
18227 -24116
18264 15840
18285 -29849
18329 -5253
18386 20163
18451 10952
18508 -28632
18541 28336
18568 18514
18597 12365
18605 16110
18616 1977
18698 20513
18707 21833
18722 1993
18728 20144
18793 -1817
18815 13057
18816 -4719
18826 10536
18846 -17720
18855 -5147
18881 24853
18893 9437
18959 -11557
18960 25239
18961 15377
18963 -18448
19161 -14852
19322 1786
19355 -11784
19383 10457
19394 26049
19425 -11327
19438 -23374
19452 -5797
19519 11553
19576 -23587
19647 1355
19733 25884
19745 4995
19818 606
19850 26166
19978 -27524
20018 -17222
20067 10369
20070 -10342
20070 28295
20104 13439
20163 23589
20269 -17226
20294 -22770
20344 -17790
20479 8272
20494 -28366
20507 -14161
20566 21776
20582 -6948
20592 14290
20671 23652
20682 22704
20691 -25613
20792 -13798
20898 -24830
20915 -13648
20946 -15440
21024 22962
21053 23452
21169 1159
21181 14754
21219 13255
21221 -14097
21248 -29218
21317 6282
21353 -12321
21365 -18508
21392 -9110
21394 4475
21402 5323
21419 4384
21431 -21907
21459 27459
21579 -7976
21579 28727
21595 -9464
21634 -3542
21695 13599
21698 -17577
21776 -23357
21778 11508
21823 -16447
21825 -9658
21843 14082
21898 -6841
21900 -12081
21913 17398
21991 27918
22018 -29993
22114 -16029
22118 -29165
22207 -7249
22288 -13096
22298 -22341
22337 -5047
22443 3938
22477 -29754
22538 -29507
22567 16455
22610 -7068
22621 1218
22626 -22528
22690 -9441
22705 -20741
22710 -22494
22802 -15175
22857 29988
22875 20663
22881 -18557
22941 -14136
22945 -5101
22951 -12908
22953 19966
22967 24712
23050 1540
23051 -6283
23094 18473
23102 -701
23126 -21822
23129 5506
23167 6854
23181 20929
23203 11573
23212 3985
23213 -24225
23262 -9613
23269 -2749
23385 -6335
23439 21814
23478 -20750
23494 -3695
23510 -1054
23550 17505
23578 25856
23605 -6523
23615 29777
23622 12977
23640 5941
23671 9733
23702 9262
23719 -12105
23759 -6082
23788 -15242
23850 18641
23923 -4774
23939 -27472
23955 -27760
24020 -254
24023 -10051
24047 -15376
24054 17257
24067 -17429
24140 -6658
24142 22400
24183 28897
24197 -357
24219 -28843
24242 6269
24335 -28208
24464 -11552
24515 1508
24536 -18
24549 -5111
24569 -2124
24609 27595
25022 -9903
25082 -22132
25207 -9026
25216 15805
25270 -16402
25280 1768
25284 -23440
25285 -5950
25285 29598
25341 -29296
25376 14706
25390 -10232
25411 23052
25434 -13638
25465 25765
25568 -284
25614 -26433
25621 28358
25731 -23242
25766 -7970
25822 -1336
25837 5060
25877 -8500
25964 23978
25977 -16456
25998 -12973
26018 1548
26029 9654
26047 7411
26061 -12555
26088 -18137
26096 -16913
26172 8937
26187 18286
26209 -26764
26217 19766
26218 14203
26227 -9841
26282 3033
26474 -4793
26488 -11197
26520 15465
26525 12279
26545 -23445
26586 -21178
26589 -5572
26598 -18679
26653 -20075
26731 25015
26767 -24424
26769 -28673
26828 3681
26949 14925
27148 -20706
27152 -2183
27187 -13289
27304 10434
27345 -26008
27386 22929
27402 5489
27420 -29076
27604 -11295
27650 22744
27652 1856
27699 13443
27755 -18243
27842 18847
27898 8340
27930 -16367
28031 20419
28200 1541
28248 -8529
28285 16776
28334 -2502
28435 12071
28477 -29516
28489 13084
28498 900
28553 27815
28593 12923
28661 25286
28670 22315
28677 4060
28704 -10109
28854 12769
28855 20165
28906 -28681
28991 -24118
28996 -23383
29014 -25486
29028 15209
29045 -28484
29144 -16774
29154 23022
29166 9375
29201 6322
29231 8709
29235 9282
29281 353
29393 4375
29426 -22634
29461 -5692
29483 -24863
29512 -23185
29570 3094
29572 -9515
29601 -9544
29606 -18793
29620 16056
29662 -6586
29697 2119
29707 -522
29710 -17896
29727 18171
29736 13375
29773 -24973
29786 -19832
29786 -8426
29798 -9329
29822 12237
29827 29647
29846 14529
29870 3378
29893 -3155
29907 -151
29907 18473
29931 -9107
29988 -22670
30000 12702
