1500
-29999 22362
-29986 9410
-29925 -21664
-29913 -7643
-29876 8545
-29736 22887
-29734 -16679
-29616 28444
-29588 11511
-29581 -2795
-29567 21700
-29549 17569
-29539 2037
-29412 -19541
-29404 -22419
-29400 16525
-29399 -29324
-29201 -542
-29185 -14386
-29112 5387
-29075 20331
-28990 1205
-28963 -20605
-28963 -7008
-28938 -21476
-28913 14253
-28909 26645
-28874 27909
-28854 -25961
-28813 20751
-28785 11922
-28781 -15976
-28702 -18023
-28685 -27935
-28449 4961
-28430 -15429
-28421 15641
-28411 -23944
-28404 -3611
-28339 -21370
-28273 2873
-28221 18996
-28176 -17723
-28174 -27810
-28138 -23513
-28080 6191
-27947 -11038
-27941 9792
-27912 10647
-27895 -13828
-27834 -4139
-27810 -20702
-27730 -5233
-27723 -12336
-27713 -22033
-27690 18432
-27673 -27659
-27655 -3723
-27556 -1245
-27508 10600
-27462 -29260
-27456 13945
-27451 23668
-27396 -25299
-27387 -22052
-27316 -12596
-27297 -2591
-27279 27518
-27244 23269
-27168 -6039
-27167 -22026
-26854 -1863
-26813 26437
-26694 -16345
-26544 3465
-26520 23390
-26410 17853
-26340 26642
-26328 -2249
-26309 -5684
-26273 -3485
-26241 3540
-26186 311
-26168 -12513
-26135 15944
-26133 20322
-26109 -1324
-26023 -22761
-26012 2703
-25931 -11435
-25907 14550
-25858 7703
-25842 -12833
-25835 9919
-25778 13076
-25752 -17104
-25730 9253
-25698 -5381
-25645 -26472
-25608 7235
-25607 14802
-25590 -1914
-25539 -8033
-25512 -27224
-25506 -10303
-25486 -6301
-25455 -11755
-25392 7619
-25378 -4272
-25354 -28169
-25341 16122
-25341 19107
-25306 6997
-25272 -2040
-25265 -178
-25212 6003
-25196 5220
-25194 -851
-25182 -8875
-25166 20385
-25113 -9644
-25078 12893
-25048 22726
-24950 27073
-24868 5758
-24865 -23809
-24834 -26422
-24820 -673
-24808 -12863
-24783 8320
-24700 -27972
-24695 -20406
-24691 23272
-24674 -10731
-24586 -13564
-24579 18223
-24551 13586
-24511 13545
-24495 23638
-24464 27890
-24459 6160
-24424 -5727
-24396 -26151
-24285 5431
-24215 22214
-24116 -27174
-24111 -12212
-24105 4390
-24082 -13534
-24077 -18557
-24026 18554
-24004 -24677
-23953 -485
-23944 -6014
-23903 4992
-23843 -521
-23787 -1182
-23748 22825
-23651 -17579
-23607 15696
-23595 -15464
-23585 17960
-23528 -13266
-23512 -8048
-23475 -13098
-23431 -28545
-23274 -2497
-23207 2587
-23098 27236
-23080 21273
-23046 -14839
-23018 15243
-22937 4198
-22930 13956
-22917 -26222
-22844 -18900
-22818 8704
-22784 -26177
-22757 20266
-22749 -14223
-22736 -27531
-22656 -18308
-22549 -25168
-22315 -5710
-22262 -1287
-22236 -995
-22168 14672
-22157 7785
-22132 -528
-22114 12302
-22107 2146
-22096 -17161
-22001 5852
-21992 -11075
-21974 -6935
-21970 10307
-21970 29330
-21870 15073
-21813 -13352
-21778 11116
-21757 29081
-21751 -28701
-21666 17895
-21642 -19208
-21626 -7633
-21598 16762
-21595 20151
-21584 22204
-21559 -18083
-21508 -14313
-21485 12629
-21443 -8959
-21413 -7517
-21372 26651
-21258 -16413
-21221 -22887
-21221 8261
-21101 16524
-21099 16107
-21087 -20087
-21039 -5479
-21035 -2303
-21027 -19788
-20987 29857
-20981 2325
-20974 27330
-20964 1212
-20944 23568
-20843 -14678
-20819 14883
-20815 -12471
-20802 865
-20751 -23821
-20697 14368
-20673 19519
-20608 6770
-20601 -14945
-20553 19209
-20526 -19595
-20501 -11983
-20498 18273
-20412 -6996
-20392 10603
-20328 8690
-20287 -4614
-20220 -8495
-20219 23225
-20187 12219
-20148 -21586
-20100 5936
-20084 -12361
-19930 -29119
-19916 -20261
-19873 28358
-19854 -18084
-19782 -9668
-19722 10759
-19709 13961
-19679 -23823
-19612 13035
-19595 -4880
-19529 -29809
-19525 15190
-19508 27467
-19496 25876
-19336 2205
-19274 5967
-19213 -11857
-19192 7646
-19155 25456
-19118 -1534
-19107 -6538
-19071 -12088
-19059 -14164
-19048 -19342
-19045 -15162
-19043 2812
-18978 -6487
-18968 -22292
-18949 11406
-18944 24844
-18890 -8518
-18888 19030
-18833 -12969
-18823 -24463
-18811 16739
-18748 4644
-18695 -3146
-18670 -10379
-18667 5111
-18659 -2849
-18623 8325
-18593 -19205
-18552 25937
-18542 -20788
-18540 8699
-18534 -223
-18284 25986
-18281 24131
-18277 10836
-18235 14582
-18227 23544
-18218 6402
-18209 15102
-18138 -11014
-18129 -17472
-18084 24399
-18028 -2621
-17912 -19781
-17882 -542
-17825 -2655
-17703 23791
-17692 29558
-17614 13832
-17608 -26240
-17597 -9668
-17578 -9979
-17531 14060
-17471 -25232
-17468 15979
-17433 24323
-17349 16592
-17337 4519
-17289 13963
-17283 -17908
-17278 399
-17265 1369
-17254 139
-17218 12127
-17214 -18123
-17208 25579
-17183 27247
-17175 5633
-17163 -26394
-17048 27000
-17043 18074
-16962 24496
-16954 -2468
-16896 -3815
-16875 1330
-16803 15702
-16782 19239
-16621 -29387
-16478 20925
-16477 22925
-16422 -20907
-16401 27697
-16392 -24730
-16324 21148
-16265 -11174
-16220 -27927
-16164 17004
-16161 18888
-16088 -20025
-16051 29280
-16003 16455
-15821 28169
-15795 -20942
-15793 -29597
-15780 17314
-15758 -8048
-15685 -1845
-15683 3544
-15677 -1986
-15659 -27902
-15639 16857
-15627 5405
-15612 15197
-15594 13627
-15552 23871
-15538 26725
-15520 20298
-15440 27744
-15402 -11769
-15383 -9197
-15379 20166
-15365 22233
-15298 -4137
-15290 -13601
-15257 19109
-15251 20521
-15157 23702
-14997 20704
-14935 -5332
-14861 -11992
-14848 -26395
-14814 26372
-14807 -4881
-14770 27877
-14726 -24735
-14700 -27459
-14656 -26107
-14656 -24376
-14472 -7361
-14418 -21516
-14369 14408
-14346 12589
-14341 7907
-14274 24073
-14269 25872
-14216 24111
-14198 28455
-14197 7687
-14192 -17576
-14145 9106
-14082 -8119
-14076 -27435
-14066 -25911
-14050 -15141
-13987 -20744
-13987 -8915
-13842 -6524
-13805 -7306
-13777 14194
-13756 19033
-13739 -8404
-13716 -1650
-13670 15312
-13629 -6758
-13588 -19954
-13538 29487
-13537 2830
-13506 -22610
-13505 -17982
-13461 -2453
-13344 7051
-13340 26253
-13195 -1236
-13156 -9489
-12966 -14889
-12957 11837
-12914 29191
-12834 -29742
-12758 -8819
-12748 -13269
-12745 -7739
-12714 13247
-12631 -28559
-12579 22928
-12526 19860
-12478 28953
-12390 26649
-12332 22816
-12277 -27691
-12226 -19348
-12194 21682
-12192 -15089
-12188 -14150
-12166 20006
-12108 4197
-12101 13895
-12062 6924
-12035 20483
-12008 26275
-11975 -3086
-11957 19334
-11888 22409
-11887 -12348
-11703 -2388
-11660 61
-11622 -26696
-11570 1175
-11556 26559
-11554 26855
-11486 14700
-11410 10229
-11361 -20929
-11349 10793
-11227 22694
-11225 3762
-11199 -15262
-11144 -23693
-11106 12507
-11040 4162
-11038 -27712
-11017 -29221
-10990 23266
-10973 -23362
-10945 -26315
-10945 -23845
-10893 -27309
-10827 11942
-10802 -17357
-10746 -2563
-10744 15360
-10687 13789
-10669 -29184
-10652 -6356
-10625 -4139
-10606 4690
-10409 -23185
-10397 -18176
-10340 13336
-10185 19876
-10105 -29358
-10055 -6953
-10050 28995
-10016 5756
-9899 -12389
-9887 6518
-9884 -872
-9777 -3137
-9770 -12546
-9715 19044
-9702 -14418
-9577 15898
-9555 -22556
-9540 7369
-9447 8352
-9386 -17930
-9375 8957
-9287 7010
-9273 27832
-9258 -4575
-9241 27530
-9212 10455
-9179 -1106
-9153 10004
-9095 -13483
-9078 -8970
-9054 -5351
-9035 10710
-9028 8030
-9022 5463
-9004 -21714
-8941 29955
-8899 14434
-8864 11447
-8843 -27884
-8764 -598
-8748 28354
-8747 -21474
-8740 -9502
-8723 -17706
-8693 -11784
-8687 11618
-8675 1972
-8672 4542
-8663 11804
-8623 8493
-8589 -20448
-8562 -16279
-8536 25515
-8530 -8827
-8515 -26645
-8403 -27473
-8386 15935
-8353 -6281
-8346 -24426
-8291 8944
-8269 26979
-8249 -4176
-8239 8165
-8093 27950
-7990 11402
-7938 21898
-7846 13776
-7841 12256
-7831 -23948
-7801 14359
-7796 -5796
-7784 20570
-7773 -27052
-7751 -15053
-7662 -10808
-7632 -14025
-7577 26854
-7526 13158
-7422 6727
-7368 -2994
-7316 282
-7312 1068
-7256 -19042
-7201 -2754
-7159 7086
-7089 26430
-7065 -16960
-7053 -5317
-7001 -26127
-6969 29502
-6936 -25730
-6898 18573
-6873 11039
-6839 -23019
-6777 10656
-6677 -9525
-6637 4064
-6449 5704
-6434 1274
-6302 2073
-6285 -1765
-6267 -22369
-6254 -29529
-6213 -21763
-6162 20105
-6053 11175
-6044 -11344
-6032 23677
-5886 8239
-5824 -5825
-5823 -4672
-5759 -28383
-5745 11488
-5738 29107
-5682 -18451
-5633 26970
-5627 -25576
-5561 -24479
-5521 2453
-5475 -27396
-5468 -21968
-5467 -5317
-5391 -16549
-5375 -8348
-5355 -9738
-5289 13290
-5275 756
-5228 -12055
-5227 22227
-5226 -22437
-5210 4037
-5199 -3646
-5150 -14014
-5111 18443
-5048 11746
-5029 28118
-5005 19968
-4990 -23157
-4957 -3871
-4940 28204
-4929 -13811
-4910 -29447
-4910 25690
-4842 -23092
-4832 -19571
-4821 17767
-4813 -17465
-4721 27401
-4703 -1793
-4685 26758
-4611 -5359
-4609 -13414
-4591 -27477
-4559 -27071
-4461 9415
-4436 -9853
-4424 -8628
-4394 -12666
-4387 -15846
-4291 29092
-4290 -29759
-4271 18324
-4253 23260
-4203 -9375
-4190 -987
-4163 -7989
-4123 4269
-4040 -13025
-3999 -18206
-3984 21275
-3956 -18926
-3943 -15225
-3906 -26128
-3811 18393
-3793 -212
-3704 22391
-3658 -1742
-3656 4121
-3625 -9175
-3569 8191
-3530 -9227
-3447 27386
-3442 27907
-3403 -12131
-3292 -9707
-3195 -12238
-3178 -25895
-3175 -5664
-3017 19033
-2944 11764
-2905 25905
-2872 6825
-2824 -14282
-2807 -6489
-2769 20450
-2736 -3810
-2706 18318
-2702 -27133
-2588 -20241
-2492 18522
-2470 -1731
-2288 10225
-2254 20889
-2182 -8177
-2115 5913
-2108 26937
-2104 -12685
-2102 29735
-2080 12112
-2074 -15944
-2059 4457
-1891 17914
-1864 -19808
-1840 13860
-1540 23718
-1518 -2974
-1509 925
-1497 -1175
-1490 12700
-1448 26195
-1334 27134
-1318 18156
-1267 -18780
-1260 -206
-1249 21923
-1246 3925
-1242 5215
-1235 -7012
-1171 15388
-1163 10019
-1142 -22464
-1034 8932
-1002 25321
-997 5203
-982 -10751
-973 21637
-928 8920
-922 28811
-892 -25835
-846 16838
-845 -2017
-810 -5143
-800 -24728
-767 -28642
-753 -12691
-744 4601
-715 12661
-614 -13793
-586 -21275
-582 -19999
-556 6488
-490 -28003
-422 -25779
-419 25038
-311 26544
-206 -5170
-202 -19501
-178 2267
-68 9188
-63 -16815
31 11989
90 -28432
104 -16137
124 -18120
169 14806
181 -3589
183 21650
195 26170
341 4616
447 -27172
497 -26347
542 -23784
554 12674
567 -26619
598 13787
652 6542
674 -165
679 3869
754 22808
772 -10888
781 24606
823 -11490
888 1998
892 16969
898 179
928 -16009
938 -11686
980 -21870
984 24879
1000 9711
1014 -9000
1021 17247
1071 827
1071 22480
1073 -7492
1141 26104
1144 -4879
1158 25293
1168 24133
1245 -763
1273 20816
1302 -1173
1317 -16471
1364 327
1388 22418
1454 -22578
1469 -13541
1498 -28035
1694 13102
1735 -21293
1758 -29114
1771 18206
1778 -6081
1785 -27317
1825 -23663
1876 -20777
1885 17749
1893 -12089
1960 15919
1986 -17762
2000 8387
2035 -24653
2062 26738
2099 -29253
2115 -26391
2137 18802
2174 10235
2234 -28038
2301 4933
2341 -20644
2347 -19058
2424 11610
2516 -11809
2590 8641
2604 23555
2676 8088
2785 -15519
2788 -16494
2795 11792
2809 -2778
2839 -25318
2881 3474
2899 26226
2908 -21537
2924 15783
2955 26501
2962 2748
3046 10763
3071 -17364
3097 15183
3125 17590
3152 26777
3201 18127
3314 -19268
3327 23655
3330 -16722
3341 23771
3345 -27532
3420 19951
3460 21325
3516 -24928
3578 15121
3732 -12798
3779 -1736
3800 -11678
3843 24517
3852 11806
3904 27013
3915 26046
3938 -20162
4051 1338
4144 -27760
4150 -5020
4165 28694
4199 24509
4275 -9282
4297 -3682
4353 -6298
4427 -2539
4431 108
4473 3158
4521 12733
4530 -18960
4585 -21344
4606 27476
4618 -6346
4626 -4869
4645 19103
4654 -12849
4678 1563
4688 28840
4828 -2063
4835 -28398
4866 4921
4881 26139
4885 3759
4975 -26846
4983 12422
4987 9091
5020 -17265
5077 29036
5087 -5488
5088 -10004
5091 -27889
5127 29290
5133 -22846
5215 -24093
5231 7685
5272 16611
5473 -13373
5577 -18004
5584 -22192
5588 -13333
5618 -16042
5641 -19663
5691 -2213
5822 22277
5830 24338
5851 -23009
5901 -11928
5966 19353
5997 9031
6071 19855
6177 -27403
6184 14221
6233 13877
6285 -27055
6287 -15840
6424 -7188
6436 -25083
6475 8594
6500 20678
6588 -7875
6710 23660
6781 2767
6784 5093
6884 26329
6938 29350
6947 -20012
7007 -28014
7038 -20163
7073 2285
7116 20837
7119 11537
7167 -21091
7219 -24181
7256 -28991
7284 -22291
7333 25594
7399 19647
7424 25111
7426 5200
7472 16174
7544 -10868
7546 17279
7614 -3222
7689 -9708
7788 25597
8017 -22991
8060 21873
8079 -21860
8116 -25996
8120 13225
8159 -11475
8177 -19247
8189 -18901
8243 27922
8248 29146
8278 -21576
8367 -15518
8376 -13724
8395 1394
8413 -22866
8517 4162
8525 9801
8555 28421
8581 4800
8587 21606
8591 -14429
8595 -7430
8682 1195
8687 8436
8711 489
8712 -24735
8738 29501
8755 -5047
8825 -4094
8851 25521
8958 -10911
8966 14307
8968 -20549
9137 6429
9154 16898
9180 24636
9218 20259
9261 6294
9293 -20719
9296 6335
9322 -12390
9466 -23327
9550 6133
9562 -15433
9574 -21838
9589 -1926
9642 -9063
9671 15221
9883 -1671
9887 2174
9977 7963
9979 25682
10032 12096
10152 11021
10177 -2451
10211 -12686
10255 11145
10285 -23669
10308 -8906
10329 288
10357 -6632
10368 21617
10390 -29375
10403 -27176
10435 -3169
10480 15758
10564 -24817
10718 -8154
10764 -12589
10811 -24244
10870 21559
10894 -3257
10909 -11843
10964 7385
11034 -17637
11045 27860
11060 -24394
11092 1850
11158 18868
11183 13236
11207 -4886
11267 11799
11269 13693
11283 3272
11295 29228
11336 15623
11416 5797
11418 -22023
11434 -13352
11467 2658
11516 7479
11552 -27704
11605 -13972
11688 -27748
11718 -5351
11786 -27843
11855 -24009
11873 -21807
11901 14586
11921 10780
11944 -23116
11951 8100
12070 23874
12079 -1464
12097 -11376
12120 -18839
12120 4582
12152 23190
12177 28431
12274 -7381
12290 -4410
12290 5897
12357 7046
12376 -12836
12399 22183
12423 -3412
12461 -26549
12474 23862
12497 14133
12502 -3333
12558 8996
12582 24304
12608 24042
12620 19656
12674 10568
12714 9633
12734 4406
12744 17009
12793 -359
12799 2226
12806 -26572
12807 -1862
12824 -1489
12848 25375
12877 22535
12934 10440
12953 -22088
12967 12034
12972 5129
12985 -3862
13019 -1356
13056 -5340
13161 -8017
13191 13268
13208 12555
13226 28810
13259 12404
13272 -23433
13278 -6849
13323 9687
13415 -616
13462 -10341
13524 12831
13567 -23256
13603 16788
13708 23946
13748 10136
13802 12384
13808 6158
13848 -20723
13914 -29372
13920 8733
14004 7534
14100 26001
14102 -17560
14337 -24456
14351 -3763
14460 -6824
14510 11304
14549 5074
14615 7276
14645 -11517
14778 -2556
14786 -4862
14811 6660
14817 -16755
14892 -6987
14960 -261
14974 13638
15007 27976
15038 -29489
15038 8509
15078 14023
15139 18254
15151 -240
15166 -12987
15199 16862
15211 -4279
15218 22850
15262 4594
15284 -833
15292 17120
15298 17591
15382 -29942
15395 -292
15407 29397
15410 16952
15451 4929
15516 16798
15571 13573
15584 23823
15618 21679
15656 -24586
15709 -26285
15777 -5555
15780 12716
15882 -23520
15916 1803
15930 -25674
16000 24258
16025 19502
16045 17008
16072 -11454
16095 1580
16147 13389
16154 -17597
16233 -14261
16364 21734
16398 3066
16500 9686
16501 -5308
16505 6142
16510 -4870
16580 -29881
16641 20691
16764 -14603
16803 16380
16861 -8558
16965 26148
17101 -10994
17167 27252
17215 19
17240 26933
17320 -27868
17323 6095
17414 -21295
17425 11811
17441 -3651
17441 23287
17465 -22245
17523 -2107
17529 -3685
17557 3995
17609 5561
17630 81
17739 5928
17836 15508
17854 6342
17888 27896
17954 27908
17956 -16454
17983 2638
18022 12360
18051 -22809
18115 10693
18270 24244
18365 21712
18458 -7440
18570 -13601
18588 2321
18609 -9821
18630 -579
18696 6234
18768 24764
18772 -7809
18779 16995
18787 -29934
18812 -16393
18830 -18569
18852 -1412
18862 13540
18866 7098
18899 13570
18941 -11693
18973 26734
18975 9111
19001 -2168
19014 -24467
19017 -23769
19019 20899
19041 16076
19101 11228
19264 24270
19280 20789
19309 -24940
19355 13499
19368 -25580
19386 22654
19436 -2626
19471 5180
19497 -17548
19520 8498
19523 25025
19559 -22426
19570 14047
19585 -11744
19590 -26944
19592 718
19617 -24728
19638 -22608
19751 143
19821 8187
19896 -22091
19921 -27758
19939 6788
19962 16472
20050 4125
20054 167
20134 -19350
20136 -7226
20146 -10488
20148 -23403
20198 -5237
20209 -25791
20213 18190
20282 -11487
20315 -8947
20345 -4060
20366 809
20368 -1723
20450 9422
20478 -12357
20485 5605
20495 11879
20521 -6458
20606 12116
20655 2719
20657 -28088
20681 890
20734 28034
20737 29985
20805 -21289
20840 -7917
20914 10039
20916 -24936
20947 28567
20959 13036
20967 -11514
21051 5991
21070 -24589
21073 -16474
21117 -25874
21147 26177
21208 835
21211 -24648
21212 -1954
21227 10884
21238 -9065
21272 6728
21304 -11391
21487 20642
21489 28561
21511 -12759
21528 4911
21540 -2085
21549 17510
21584 -20855
21681 23124
21685 -243
21697 -5095
21701 -6334
21811 10397
21816 22492
21864 -20605
21895 -13933
21918 8573
21933 -4990
22007 -16573
22036 -17231
22217 -19698
22290 27410
22305 -29115
22326 -28115
22381 6216
22404 -1908
22507 18079
22514 -16436
22572 5308
22577 27568
22624 12283
22709 -8323
22775 -6423
22852 10879
22858 5940
22861 -25647
22877 -14823
22904 15441
22925 -1454
23061 -634
23109 -25355
23116 -12015
23177 14286
23187 -23233
23188 -2776
23291 29482
23293 9687
23405 14397
23514 -7617
23515 24836
23525 22779
23584 17649
23799 -10775
23937 -21107
23975 -10836
24008 -20716
24023 -28686
24082 -26351
24089 20964
24133 -22813
24134 -15123
24295 -8245
24326 21375
24388 28946
24399 13396
24435 2333
24503 25331
24602 -17391
24625 -4690
24659 -8964
24676 -10216
24681 18039
24685 -21877
24695 7126
24696 -11092
24727 27917
24882 -12402
24928 21587
24962 5165
25008 -11745
25078 8318
25103 6491
25127 13905
25152 -6973
25154 -18231
25191 2375
25223 -24688
25232 -20742
25241 -12141
25242 -21161
25265 10942
25301 -16001
25368 13903
25370 -4930
25450 17981
25450 24960
25473 4539
25478 2846
25493 -9484
25520 -16788
25574 -25029
25643 18475
25662 -12420
25903 -21829
25972 22223
26009 19700
26017 -20668
26122 22394
26143 -736
26155 -29270
26167 4079
26170 -29383
26204 1896
26231 -25714
26261 13296
26350 -22531
26364 -27062
26425 24525
26431 8719
26437 17320
26444 6276
26448 -29864
26531 17499
26582 -2007
26598 -4109
26618 28241
26625 7352
26846 1240
26882 -12229
26910 -2613
26920 -28064
26947 -21702
26956 19104
26970 16964
27086 7031
27105 -20241
27122 -10347
27127 -1323
27142 17820
27179 26567
27259 -15867
27299 -22314
27310 11915
27356 -6134
27359 -23726
27437 -26246
27444 -457
27464 29523
27626 6853
27645 29415
27660 -28759
27692 -10716
27702 2681
27718 15398
27737 -6832
27764 346
27770 -3594
27770 16987
27861 27816
27929 13875
27970 -8599
28029 -9873
28057 -2399
28074 -11443
28129 -26053
28142 11470
28148 13494
28179 5058
28194 26275
28272 16049
28296 5482
28305 -20121
28478 29715
28491 -24259
28525 -16251
28708 23322
28744 -4937
28836 -11478
28837 -28141
28874 -9040
28887 938
28931 -28958
29061 -20842
29081 28405
29087 14135
29135 -19117
29203 -1297
29215 -27691
29243 12575
29288 831
29293 -1605
29450 26717
29504 -28409
29510 -26041
29678 29188
29789 -17038
29798 9422
29803 -15211
29864 6133
29914 -21629
29933 -21844
29990 -8736
29995 5147
