1500
-29988 22717
-29934 15831
-29888 -27197
-29864 19255
-29852 14779
-29800 -7261
-29718 4022
-29701 7827
-29621 16695
-29616 -20599
-29519 21142
-29518 -15622
-29512 28479
-29508 -10870
-29508 -3805
-29489 -22276
-29457 -15488
-29453 5890
-29419 23495
-29323 29777
-29309 -5130
-29306 12842
-29291 22342
-29236 21696
-29090 18433
-28984 -16533
-28923 24803
-28875 17546
-28842 -19788
-28839 -11727
-28820 21635
-28768 -10344
-28743 -8903
-28679 -4183
-28668 29022
-28629 -6033
-28613 28489
-28612 -9967
-28582 -14349
-28551 8841
-28495 -16788
-28469 11570
-28409 -10504
-28408 17301
-28359 9556
-28350 -17834
-28315 -18298
-28276 -19895
-28273 8196
-28266 11606
-27990 -12070
-27956 -28582
-27931 -14879
-27910 -10722
-27768 -26827
-27706 -8607
-27681 21511
-27606 7876
-27498 10366
-27494 -17997
-27443 7008
-27394 29854
-27386 26491
-27381 12488
-27274 29014
-27207 -10069
-27163 476
-27087 14821
-27075 -7412
-26994 -18958
-26967 -23172
-26940 29149
-26919 5715
-26849 26089
-26724 -6326
-26723 15107
-26718 22914
-26690 -23533
-26612 -3856
-26590 -25514
-26584 -22341
-26384 -19536
-26379 -13263
-26364 -8724
-26344 -5257
-26312 16467
-26237 16858
-26205 18969
-26182 8277
-26160 29358
-26149 7766
-26116 12483
-26115 6024
-26050 -1212
-26021 902
-25970 14315
-25925 -5466
-25914 2906
-25904 15043
-25903 -3989
-25889 27907
-25818 24647
-25791 4487
-25786 2716
-25777 -19808
-25732 4149
-25713 -23365
-25683 -24369
-25651 7129
-25648 3520
-25624 -7663
-25622 -24255
-25596 12772
-25542 -20866
-25515 15286
-25503 -5679
-25469 14790
-25462 -14096
-25447 28930
-25442 23261
-25356 17486
-25264 18908
-25241 14728
-25181 -4393
-24993 20572
-24978 -28389
-24971 10401
-24936 -21760
-24908 -137
-24906 18119
-24879 -20300
-24849 26866
-24578 20809
-24536 -10793
-24417 -11865
-24411 20216
-24375 7772
-24370 -12456
-24270 -6611
-24097 15788
-23978 19024
-23961 -28559
-23943 -24297
-23914 -27171
-23708 -13622
-23637 -19978
-23619 22531
-23607 10855
-23583 10478
-23504 -18185
-23473 13303
-23458 -23097
-23454 25267
-23401 12740
-23400 -7314
-23386 2320
-23314 -4413
-23232 -23607
-23229 -1328
-23224 7332
-23120 6576
-23106 -8143
-23072 -16005
-23002 -23814
-22938 -7053
-22921 -9658
-22913 16556
-22894 7114
-22867 20320
-22800 13355
-22784 16148
-22767 -6166
-22591 -1083
-22580 -18323
-22561 8315
-22477 -18568
-22429 -13308
-22399 28862
-22351 24360
-22245 13199
-22139 -28658
-22061 -4623
-22042 25033
-22035 25690
-22023 -13391
-22006 14218
-21964 -24470
-21938 10608
-21875 7215
-21792 -19422
-21779 -1037
-21753 -1115
-21718 6622
-21713 23529
-21691 9872
-21646 -4305
-21613 -4829
-21575 17803
-21538 9115
-21516 21368
-21477 -26827
-21463 23194
-21414 7873
-21355 2926
-21310 22101
-21303 -24375
-21300 -17899
-21295 27910
-21274 18861
-21206 4201
-21200 21023
-21141 -15041
-21126 -14367
-21008 -985
-20978 -14398
-20934 8269
-20899 -11782
-20853 -11369
-20839 -7724
-20801 22842
-20780 -7145
-20693 -24528
-20668 23105
-20652 27002
-20512 -20158
-20481 26767
-20457 27259
-20402 12208
-20359 -14408
-20355 -24147
-20260 4489
-20249 12413
-20175 -9185
-20138 -23770
-20133 8130
-20062 24327
-20031 15907
-19973 9639
-19933 5838
-19928 2667
-19880 -729
-19860 -12929
-19849 -26965
-19829 -9951
-19813 1548
-19779 11987
-19745 1952
-19634 -7476
-19596 9772
-19547 23352
-19544 21532
-19538 2079
-19511 5677
-19495 19429
-19408 8564
-19407 -27275
-19292 -28302
-19263 7888
-19222 22688
-19219 -2046
-19139 6042
-19128 22684
-19084 17635
-19073 -18102
-19038 -23492
-19038 14148
-19011 22703
-18954 -4290
-18906 -7322
-18808 -19452
-18710 -6885
-18608 10376
-18558 4665
-18551 10308
-18503 12122
-18458 17937
-18378 -1153
-18350 -12684
-18348 -12191
-18337 -20281
-18331 3830
-18327 931
-18291 16150
-18269 -23085
-18219 -2609
-18210 18265
-18111 758
-18097 -213
-17958 29396
-17949 -16997
-17934 24538
-17918 20198
-17900 -24430
-17845 -27278
-17819 -4469
-17743 -23757
-17740 22635
-17724 10603
-17672 19667
-17666 24297
-17664 26481
-17554 29118
-17512 13735
-17510 -24692
-17504 -22012
-17480 -19886
-17430 -18501
-17420 -20004
-17402 21463
-17401 -2591
-17388 -21891
-17369 -8232
-17346 -9261
-17343 -13682
-17331 11274
-17236 -9032
-17132 27920
-17105 21734
-17078 15377
-17068 -19332
-17041 27032
-17013 -27289
-17007 4887
-16984 -15575
-16932 4070
-16859 -22527
-16830 26362
-16827 20499
-16825 -15316
-16819 29221
-16790 22122
-16737 -29387
-16721 17619
-16697 -4614
-16600 -11266
-16566 14518
-16564 -28967
-16447 -25015
-16387 -18118
-16382 -24075
-16381 -5570
-16378 -7795
-16350 -24
-16282 -4381
-16244 20770
-16186 -17994
-16131 1504
-16077 20764
-16066 -159
-15998 -8324
-15988 -14694
-15934 -6957
-15907 4589
-15879 27982
-15761 28303
-15736 10548
-15730 -21984
-15719 -11601
-15714 -24205
-15682 -17131
-15654 -896
-15644 -923
-15636 -10296
-15634 4321
-15590 -24126
-15573 -14374
-15565 2296
-15523 21313
-15485 -9350
-15478 14155
-15476 5180
-15468 6621
-15436 -25341
-15428 644
-15357 27407
-15319 8328
-15309 14645
-15284 -15768
-15259 -17846
-15254 -2930
-15213 17822
-15150 -6065
-15131 2801
-15095 17134
-14946 -23539
-14903 19118
-14867 -10187
-14856 -17549
-14705 9007
-14704 -1842
-14695 7970
-14605 -14290
-14604 6588
-14582 2298
-14545 -5879
-14531 3298
-14506 -2433
-14502 -25324
-14499 -14742
-14497 16734
-14420 -24315
-14417 10269
-14412 18230
-14392 -74
-14377 -19566
-14363 -19957
-14303 5085
-14279 -9541
-14272 -17673
-14260 15064
-14212 2640
-14137 -20751
-13991 -911
-13979 -1520
-13945 22043
-13920 7043
-13874 16726
-13813 16110
-13750 -7029
-13674 -29378
-13615 21760
-13586 -6518
-13547 1880
-13458 14623
-13385 -16378
-13374 1515
-13344 210
-13319 -6936
-13295 -14237
-13267 27442
-13245 -667
-13195 -20387
-13139 -15652
-13013 18924
-12985 12234
-12969 -19756
-12940 -1492
-12880 13355
-12872 -3158
-12869 -18377
-12850 -16661
-12779 -24509
-12709 -23024
-12668 11923
-12609 21336
-12589 7482
-12485 26480
-12476 16270
-12470 2655
-12344 17431
-12341 -20284
-12319 16515
-12313 -19389
-12309 -22782
-12291 -22450
-12291 13751
-12287 15529
-12278 15998
-12229 -4637
-12209 7221
-12074 25091
-12026 9648
-11966 26549
-11962 18104
-11918 5774
-11907 -16492
-11894 24062
-11864 -235
-11862 3967
-11772 -748
-11699 -20745
-11654 -22486
-11477 -7033
-11465 21099
-11437 21217
-11362 -3644
-11356 22184
-11352 27942
-11243 -3262
-11122 -8742
-11108 -13033
-11098 9434
-11071 26027
-10979 -29696
-10907 809
-10903 -508
-10898 19465
-10735 -29520
-10727 12152
-10700 15895
-10654 -12813
-10647 24659
-10621 -2920
-10568 -22406
-10478 29056
-10401 10674
-10370 -18527
-10359 -26578
-10350 -15063
-10314 24227
-10301 389
-10250 6893
-10003 -22279
-9983 -1746
-9925 9745
-9858 -2877
-9857 -18078
-9825 110
-9801 2125
-9735 25168
-9708 5893
-9653 17604
-9601 -8249
-9593 -16648
-9533 -23587
-9531 -26935
-9447 -11979
-9380 -26721
-9322 10225
-9313 -4655
-9220 -6435
-9165 13121
-9155 -18606
-9121 -5466
-9082 27168
-9061 17673
-9038 15160
-9011 13706
-9002 -28655
-8940 15191
-8922 -8019
-8897 -126
-8891 -1653
-8828 22747
-8808 -11851
-8801 26007
-8778 -25030
-8688 -18876
-8685 16084
-8613 4197
-8595 -21312
-8532 -26445
-8496 15146
-8472 -18546
-8469 -10458
-8367 25630
-8322 15940
-8297 -19154
-8216 -19624
-8177 8036
-8168 5036
-8114 16181
-8058 15830
-8047 2147
-7949 15317
-7859 9806
-7849 11747
-7796 4052
-7731 -25437
-7685 -26362
-7456 -626
-7442 3108
-7429 -3912
-7376 8116
-7351 -27319
-7258 -16297
-7258 -15507
-7247 18660
-7229 -20078
-7193 23403
-7161 11022
-7157 21887
-7134 9052
-7098 -24873
-7040 18042
-7034 -20683
-7024 -26499
-6998 4422
-6993 -19983
-6975 -23747
-6946 -1683
-6876 -4957
-6866 -2885
-6818 -20548
-6795 27335
-6735 6085
-6709 26929
-6630 19123
-6558 -24962
-6553 -5089
-6527 -8613
-6390 -22849
-6384 -5325
-6357 -19442
-6350 -427
-6308 -20369
-6306 28897
-6292 22043
-6284 -2048
-6263 21812
-6227 16619
-6179 -7585
-6168 18643
-6150 -1636
-6144 1944
-6131 -15858
-6103 -15597
-6081 -20577
-6077 -80
-5961 24786
-5952 21700
-5873 9865
-5692 -23434
-5609 21574
-5526 29331
-5496 -3537
-5495 -2359
-5486 29589
-5472 -28694
-5373 -29173
-5257 -28177
-5256 -5101
-5248 12921
-5225 -27307
-5192 11303
-5160 -7699
-5144 -21339
-5136 5274
-5119 14966
-5094 -2385
-5051 -11661
-5036 6719
-5006 8458
-4995 8882
-4955 -1015
-4900 -23901
-4888 29752
-4879 -25147
-4867 -9889
-4847 -21732
-4830 -23403
-4797 -12841
-4773 21488
-4740 -29842
-4724 15739
-4723 17163
-4716 -9433
-4699 23414
-4687 -26788
-4686 -8999
-4671 -8940
-4626 13094
-4583 -19906
-4578 -20932
-4564 8241
-4553 4862
-4494 -13855
-4430 6346
-4368 -6044
-4324 -27713
-4209 -14686
-4209 3706
-4208 -5368
-4203 28331
-4140 -11036
-4104 9825
-4038 -18900
-4032 -9909
-4015 -8051
-3998 5188
-3956 -24568
-3941 23808
-3940 22578
-3898 11533
-3832 -23229
-3734 -15497
-3647 -14684
-3598 15928
-3561 6747
-3494 16053
-3493 3740
-3490 4721
-3488 -7411
-3414 -8306
-3313 25845
-3266 -14329
-3260 7300
-3188 1642
-3159 18781
-3020 -12103
-2982 18945
-2979 -12706
-2966 -25478
-2965 426
-2957 12489
-2916 -4232
-2787 23879
-2763 17153
-2680 -18581
-2645 1565
-2573 -14125
-2542 -27499
-2507 17493
-2454 9528
-2406 -21499
-2299 -10203
-2298 19925
-2262 -9041
-2244 17607
-2217 10629
-2097 13935
-2067 -18328
-2044 19839
-1968 -19109
-1956 -9484
-1912 -12665
-1910 -20415
-1882 23067
-1881 -223
-1878 -2027
-1855 1330
-1788 -6967
-1700 -29530
-1673 -1141
-1606 27868
-1566 -1388
-1538 -29975
-1478 22618
-1473 -16983
-1371 22936
-1369 28144
-1355 22776
-1338 3841
-1318 -7349
-1296 10764
-1263 3430
-1218 21206
-1203 -11400
-1200 26355
-1195 -19714
-1138 1041
-1006 3320
-992 -28241
-986 -10950
-978 -23421
-949 -26191
-806 -1702
-790 2405
-701 -2689
-658 -12262
-652 -23906
-568 -4400
-527 22509
-459 12309
-364 -3681
-349 10147
-249 -9022
-177 -7257
-154 546
-150 -7422
-113 -1309
-61 -12125
-10 -29432
30 -7290
37 -28506
119 -7558
122 9972
159 3131
249 -7906
292 -8631
360 5487
432 9770
436 24417
453 247
511 -20450
537 6591
559 -5649
572 -3253
671 -10963
716 10022
856 11545
880 -5359
924 -12064
977 -16326
990 16277
1005 18777
1040 -6822
1110 -27142
1160 -13474
1305 26656
1309 -19660
1354 -27578
1361 20003
1366 -9193
1367 25641
1389 2582
1412 -5284
1420 2054
1481 -13289
1514 11724
1566 -3235
1578 4751
1649 -1810
1680 13041
1685 -8085
1732 5087
1785 9260
1859 -14430
1899 -18770
2008 10343
2023 1137
2061 6224
2189 29705
2212 9529
2299 -19871
2371 6335
2399 -20676
2410 1683
2497 29138
2524 10478
2534 16223
2657 8089
2713 -25310
2741 -7589
2754 10088
2810 -20792
2871 -19639
2875 13330
2928 2516
2952 -2262
2974 28280
2978 23139
3031 9139
3032 3025
3118 -15903
3245 -15831
3261 -5760
3329 2989
3332 18378
3396 -19850
3402 27553
3437 29807
3467 6357
3495 6233
3540 -22935
3558 -28031
3573 -19411
3583 -21966
3593 -11007
3639 -13592
3792 -26456
3796 -12867
3838 23255
3877 -14206
3888 15825
3922 -19401
3993 7676
4047 8480
4104 -8699
4132 9067
4187 14914
4199 4876
4230 -22007
4359 -21211
4424 -9884
4448 -5147
4464 -12708
4487 -4808
4498 9459
4540 23001
4555 19080
4565 -20398
4608 1153
4609 -17422
4651 -12770
4660 16907
4670 -18207
4691 -13295
4732 -6595
4734 10559
4924 -28552
5046 -3547
5123 -3742
5130 -13999
5140 6497
5185 -1248
5195 27037
5287 -7264
5378 20413
5425 14364
5469 -21976
5495 2659
5553 4700
5583 -2048
5587 23247
5717 -2730
5719 28772
5721 -18550
5730 -12234
5751 -5717
5766 2325
5778 8342
5794 -15305
5823 15511
5828 6345
5837 18319
5860 -21674
5881 13478
5889 15680
6006 26911
6086 -20919
6201 -13935
6201 -8062
6320 9543
6348 27398
6400 18863
6535 21645
6553 -4886
6576 22251
6630 27962
6692 -28312
6698 25080
6714 6308
6752 -20659
6771 25907
6786 -18902
6788 -15034
6892 -20360
6903 18906
6928 -25183
6940 29874
6947 -9850
6996 27942
7021 -27605
7026 -2942
7044 -22244
7067 -28748
7077 -648
7128 16857
7242 2442
7244 -26658
7289 17807
7304 10475
7314 -22769
7367 14751
7401 17053
7411 -8638
7474 -10564
7474 7510
7663 6250
7675 4754
7684 -26796
7712 21175
7728 28553
7777 -20163
7794 -6305
7915 8643
7968 26543
8038 8559
8042 -12467
8073 -10763
8246 -21184
8306 9266
8307 8849
8313 3489
8399 -12396
8443 -18149
8478 18054
8773 7915
8833 4683
8863 8959
8931 -15586
9066 -12245
9188 20781
9189 -29504
9223 -17281
9239 -21972
9263 13501
9275 6559
9342 18019
9351 -21514
9352 -10627
9404 -5258
9521 -29267
9597 21679
9601 -28202
9681 5399
9685 -5966
9730 194
9790 -5643
9819 25970
9838 29089
9936 -29055
9965 14275
9965 15957
9970 -21146
10088 171
10187 -15510
10206 26679
10210 20163
10289 -26701
10317 -1110
10411 -10143
10445 -21350
10542 -18501
10552 27558
10570 -5879
10640 -1820
10685 -14898
10715 4046
10732 -2365
10767 8629
10781 -16298
10787 23713
10833 -9665
10893 1500
10936 5215
10937 6157
10940 26721
10956 -23602
11012 -21093
11024 11837
11025 -17801
11039 20262
11065 -8138
11143 -25919
11216 1372
11239 -16814
11256 -17223
11277 21467
11312 -12162
11323 1735
11348 -23197
11480 516
11487 -1975
11489 -27115
11493 10025
11599 -17101
11609 16684
11650 5951
11724 24802
11834 29633
11889 13408
11902 -6188
11919 -7097
11946 -17091
11958 -27519
11980 -15201
12034 25421
12046 28861
12054 19172
12059 2868
12108 22325
12109 -25074
12234 25869
12257 -5118
12284 2465
12301 8523
12331 18486
12334 8736
12338 -25214
12340 1924
12444 15010
12468 -14755
12558 -21626
12579 20103
12605 -10022
12666 -26644
12764 26029
12884 -11376
13080 -3087
13104 26672
13108 3285
13157 -12798
13209 -26865
13232 9614
13242 -22442
13243 -1067
13258 -13608
13278 8841
13291 -27894
13306 -22069
13311 -1660
13374 25657
13486 21904
13514 6819
13550 7665
13604 24388
13648 -5355
13656 -26912
13777 -22613
13821 -5828
13855 -8705
13943 -29002
13945 19629
13970 16818
14052 -12240
14197 -18766
14204 23172
14327 28608
14373 -24381
14381 -23266
14395 24315
14487 -28994
14499 -6636
14548 -3359
14602 17618
14610 -14554
14621 4796
14708 322
14739 -4993
14898 -21992
14983 -9518
15024 -13913
15105 -19240
15105 7333
15157 28540
15201 18141
15260 -28647
15289 -14010
15332 12312
15371 5973
15378 27772
15406 14990
15411 -21096
15425 -13493
15453 -18005
15493 -1439
15516 8404
15518 29490
15529 -12858
15529 -6371
15712 -15201
15767 -6787
15791 24815
15873 -17831
15881 -9322
15972 25681
16005 -26573
16018 -13722
16018 -11673
16112 -11631
16151 17660
16156 12134
16168 18619
16284 18709
16289 6911
16317 7174
16317 20995
16318 26443
16344 -14397
16348 21536
16378 13656
16394 -26865
16611 21475
16613 -10273
16645 14896
16710 -17784
16762 -28188
16767 -17702
16847 18282
16854 -8708
16868 16206
16878 -28563
16893 -29694
16915 13769
16950 2308
16957 15432
17022 -4159
17023 23186
17025 11329
17056 -9783
17073 16873
17155 -23977
17170 -842
17186 -8444
17196 -26121
17228 25345
17295 -14040
17315 15753
17321 14751
17346 4197
17350 -15318
17407 -27676
17414 -15678
17429 -25264
17436 12107
17438 -8717
17476 3437
17552 19300
17587 -23602
17683 -25266
17729 -14244
17835 -11190
17841 10117
17847 -20476
17854 1258
17860 -24561
17937 -28736
17967 -1714
17979 29275
18026 29616
18049 -21043
18091 -28100
18122 7041
18126 97
18204 17031
18295 -24761
18312 17450
18371 22019
18411 -14816
18415 -3473
18520 -16900
18523 -24239
18532 -9955
18619 15844
18626 10822
18652 -13688
18654 16604
18691 13264
18761 22306
18790 -2488
18803 -26691
18862 -24212
18885 11308
18892 -19362
18953 -16027
18978 7195
19102 26465
19131 -27441
19150 244
19180 10536
19183 -13134
19232 1679
19257 -10415
19304 -14856
19305 13254
19335 -18817
19342 -7811
19347 12089
19376 11463
19378 14238
19405 15808
19464 -29214
19537 805
19564 -16342
19802 3930
19886 27295
19893 -19709
19933 -7374
19948 -8653
19959 9987
20061 -11456
20075 19425
20084 16175
20103 -12311
20199 14905
20201 -11249
20209 -9650
20235 -9225
20244 -2354
20301 -19757
20321 -17035
20350 -8671
20362 -11662
20462 -11395
20465 -1732
20473 -23577
20479 6676
20514 1464
20520 -27256
20566 -14185
20578 10987
20583 12285
20587 -14730
20587 28292
20616 -29382
20625 -23510
20637 -1780
20674 9016
20699 -16340
20700 -6907
20732 -9229
20739 -28656
20833 8206
20858 -20017
20879 -12721
20887 -667
21035 -1716
21049 21823
21067 3536
21075 5905
21094 -9107
21137 21808
21191 29568
21204 13049
21246 25811
21251 29762
21255 29858
21263 15524
21282 19706
21342 22971
21394 17460
21432 -10016
21436 21048
21517 -19935
21560 17982
21619 -28858
21663 8617
21667 -14099
21781 3347
21879 5929
21963 26568
21978 -2337
22002 -1515
22038 -2010
22056 2856
22063 4378
22065 14003
22084 20140
22145 22008
22165 110
22172 9234
22252 1378
22305 24773
22313 -16863
22355 21808
22379 -9199
22440 13061
22520 -2814
22611 -1540
22688 -3900
22702 28346
22726 -22594
22801 -14681
22832 18478
22874 16592
22882 -1663
22909 -17018
22916 -6446
22930 -29933
22951 19495
22956 -8018
22961 -1943
23104 4500
23122 17626
23352 -24927
23398 -2729
23403 10035
23404 -12387
23436 20685
23458 15401
23558 -27806
23579 -1497
23625 -19280
23706 -777
23724 -11848
23749 19527
23780 -27962
23808 15530
23862 13866
23902 3249
23908 -20917
23963 6603
24035 14871
24081 17511
24207 -19435
24227 -28661
24235 -18095
24266 29817
24283 -107
24295 -21361
24402 25282
24420 19463
24439 -10645
24451 -2977
24568 -2445
24709 -20313
24720 -29944
24731 21972
24824 -17963
24842 -25753
24864 -15562
24887 26793
24947 -25229
25017 3087
25024 -15397
25037 12820
25042 -8973
25067 7875
25072 -4950
25096 -9547
25265 8881
25335 -4318
25360 -11069
25425 -3032
25428 -14424
25469 16914
25524 7835
25630 -14809
25702 29091
25772 -29518
25866 -9995
25916 12706
25917 289
25997 -28193
26032 19956
26062 -20371
26063 3789
26099 -20630
26118 -21486
26200 28519
26215 -7399
26336 12697
26397 -27212
26415 25007
26426 18655
26496 -14166
26547 13772
26571 -18121
26593 -14310
26701 -9495
26784 -17087
26929 3432
26985 16886
27047 6479
27086 2819
27154 -14452
27164 -22
27179 -18550
27195 -9258
27221 17718
27289 -21359
27290 18619
27328 6567
27339 4527
27432 -21126
27577 23835
27587 -712
27693 17763
27752 27186
27887 -9327
27928 -5264
28009 -7252
28020 15136
28054 -14749
28122 -29965
28139 -16427
28143 19068
28171 -7184
28211 -26367
28234 -16571
28287 3341
28326 20826
28379 5424
28434 28071
28455 -28218
28464 27724
28486 -20225
28492 13074
28542 -17446
28560 -1122
28589 -18466
28593 -8083
28640 20942
28707 20399
28743 -8871
28769 -2931
28770 -28842
28890 -25800
28891 15432
28895 -6789
28924 -21963
28939 23330
29018 17086
29019 -3053
29025 17009
29166 27824
29244 -13770
29249 18756
29262 14529
29352 9582
29473 -1698
29505 24343
29539 -4087
29570 21419
29572 28709
29599 16691
29605 2447
29613 16305
29705 666
29707 24766
29719 5272
29773 -4390
29819 15707
29839 -11607
29859 10003
29889 -6451
29971 15649
29978 -2919
