1500
-29991 10550
-29989 -25873
-29919 3418
-29912 -26915
-29862 29157
-29836 -9610
-29778 3968
-29754 -3207
-29744 13440
-29684 12822
-29639 -2115
-29586 5131
-29571 15681
-29556 25192
-29509 18328
-29472 425
-29463 -858
-29423 -11164
-29388 -5002
-29367 24403
-29353 24076
-29344 -4830
-29338 21979
-29307 20978
-29276 20536
-29273 22050
-29175 -28846
-29165 -5085
-29099 -2197
-29088 -11157
-29021 16483
-28896 22515
-28842 -4107
-28778 -1689
-28720 15247
-28639 -5652
-28611 -9380
-28581 -19349
-28560 16846
-28518 -23542
-28509 -19906
-28484 -12312
-28476 906
-28410 -19877
-28382 7647
-28294 13258
-28268 -29182
-28256 17850
-28248 28825
-28190 -22690
-28086 -17259
-28077 -17760
-28024 -2662
-27935 -4969
-27925 4641
-27830 21029
-27756 24423
-27728 -22415
-27523 -21080
-27517 5703
-27373 2062
-27372 26317
-27353 -3613
-27329 -22724
-27227 1209
-27126 -29016
-27126 -24989
-27107 -14188
-26969 902
-26966 -8922
-26943 4492
-26912 15076
-26911 -14765
-26834 5078
-26822 -20873
-26788 -24107
-26636 -28858
-26636 3277
-26623 -8609
-26528 -19324
-26525 14306
-26422 -19807
-26406 8538
-26405 -408
-26378 -17809
-26278 21381
-26241 144
-26218 27354
-26211 -15224
-26139 5659
-26137 -4033
-25985 -29078
-25913 20573
-25911 20432
-25902 14581
-25891 10057
-25821 -27019
-25790 -14794
-25750 10328
-25750 21681
-25740 17263
-25682 13261
-25632 -12362
-25560 10935
-25548 -21574
-25463 -10072
-25351 9849
-25333 10869
-25301 -9737
-25299 -8003
-25272 26871
-25182 -12648
-25129 -5728
-25105 15817
-25076 -991
-25023 9369
-25020 8828
-24979 -8766
-24949 9241
-24924 17017
-24908 -23860
-24897 21203
-24889 -2795
-24837 22953
-24799 25564
-24778 19101
-24747 13554
-24733 -373
-24708 3044
-24641 -29115
-24641 -16802
-24621 -19962
-24587 -14522
-24562 -3546
-24556 21797
-24526 28257
-24427 9792
-24328 21296
-24270 14260
-24134 3376
-24125 -9236
-24089 -21775
-24083 -22849
-23950 -4388
-23923 17119
-23913 -21760
-23901 22526
-23887 12858
-23867 18509
-23715 6036
-23647 17403
-23642 9264
-23573 8066
-23568 12226
-23527 5347
-23469 579
-23461 -965
-23350 124
-23331 5008
-23314 -15730
-23311 -11304
-23307 -281
-23299 -20364
-23275 -14706
-23260 26010
-23173 15812
-23130 29744
-23129 -14814
-23112 -5954
-23099 19167
-22991 -6385
-22991 8893
-22971 -16158
-22905 -12791
-22876 -122
-22856 28611
-22831 18648
-22807 19964
-22782 7587
-22781 -13127
-22703 -8406
-22648 14780
-22565 -24016
-22543 -5099
-22442 -19534
-22349 13660
-22306 -14892
-22298 -3687
-22147 -26123
-22122 18754
-22121 -17174
-22059 -21381
-21975 -29323
-21966 17864
-21802 15125
-21798 -9337
-21738 -21734
-21718 25269
-21689 -24767
-21684 -18169
-21647 29509
-21589 28902
-21564 -20596
-21484 28019
-21416 -27089
-21280 -3795
-21238 -25800
-21223 -4436
-21216 -29590
-21210 -14185
-21192 -10950
-21188 -28546
-21108 -16380
-21065 9076
-21051 29063
-21020 -11399
-20994 5258
-20988 26971
-20983 -4766
-20979 -11352
-20971 4383
-20920 -23376
-20880 -29602
-20788 -21056
-20780 -11896
-20749 -2993
-20724 12167
-20704 -26498
-20624 22178
-20608 5972
-20602 -13381
-20594 -21348
-20575 20889
-20558 785
-20552 -27745
-20403 9784
-20335 -15184
-20219 11121
-20159 -14832
-20140 -13149
-20062 28225
-20023 25018
-20018 -1949
-19971 7445
-19949 24760
-19876 7050
-19765 -1600
-19742 -12921
-19726 9198
-19705 -19661
-19675 -5674
-19605 -228
-19590 -10300
-19533 -18340
-19503 -2212
-19464 15568
-19407 -14822
-19342 -7752
-19152 -26266
-19094 23341
-19074 -8025
-19033 -15401
-19025 -29085
-19024 -10289
-18943 1035
-18936 7071
-18913 -28301
-18897 -9474
-18883 -2928
-18878 3788
-18866 3669
-18822 -10410
-18784 -23655
-18706 -3678
-18672 15262
-18665 13603
-18649 -4241
-18645 -8138
-18623 -26655
-18603 -20813
-18564 11158
-18505 -15698
-18456 -596
-18447 -5256
-18320 2574
-18240 12463
-18200 -5781
-18173 -9689
-18071 5534
-18069 -23907
-18036 -12498
-18014 13781
-18002 -24600
-17996 -23517
-17939 -3730
-17875 13299
-17664 -10671
-17633 -25482
-17597 18081
-17464 -7300
-17396 -8082
-17387 -19274
-17386 27503
-17383 -21630
-17365 -18928
-17262 23368
-17232 -20637
-17223 -19271
-17180 28063
-17121 -2042
-17084 24957
-17042 -20404
-17041 18182
-17041 26625
-17002 6415
-16955 25076
-16886 2769
-16881 -20509
-16658 16381
-16573 413
-16562 3971
-16558 -29520
-16558 -24240
-16481 -8962
-16476 -3593
-16457 12319
-16456 -3454
-16383 9518
-16368 -26695
-16344 10114
-16341 -23170
-16336 16386
-16318 -1181
-16260 -28077
-16256 -12620
-16244 29696
-16215 29279
-16103 21720
-16100 -18898
-16032 25387
-15980 13004
-15973 -13367
-15962 -18054
-15883 -7879
-15854 8460
-15852 -6519
-15799 4989
-15770 25013
-15768 10338
-15751 19643
-15725 -5708
-15593 15012
-15591 7597
-15498 -10773
-15472 21104
-15469 25096
-15415 -13658
-15361 12187
-15352 -4094
-15350 778
-15340 -15994
-15309 11840
-15248 15797
-15244 14619
-15195 -15716
-15017 -2762
-14974 -16081
-14950 -27207
-14950 -14882
-14920 10014
-14874 -1997
-14870 24522
-14867 506
-14803 -25047
-14796 5193
-14756 3137
-14732 1644
-14732 13318
-14713 18955
-14678 19498
-14561 10795
-14535 26837
-14489 -26999
-14467 16407
-14430 19385
-14389 -14951
-14364 19742
-14283 6732
-14271 -19094
-14217 10409
-14126 -18916
-14111 -12032
-14084 -12835
-14079 -3551
-14056 -9436
-14055 -7452
-14005 -29078
-14002 -28744
-13973 28592
-13925 3859
-13870 20708
-13816 -9414
-13788 -894
-13763 12472
-13752 -28959
-13746 3512
-13723 -17776
-13706 5229
-13630 -29199
-13565 17371
-13538 9553
-13427 11882
-13378 -25770
-13149 20444
-13138 -23171
-13110 -9870
-13072 17238
-13067 16886
-12992 2804
-12937 10673
-12936 16451
-12913 5359
-12887 26545
-12883 13256
-12849 -15279
-12801 -8933
-12793 25799
-12760 -10924
-12744 -3557
-12729 24276
-12717 2624
-12643 -19520
-12642 -15229
-12604 -12242
-12576 27290
-12465 -15752
-12436 28172
-12395 12454
-12370 -25348
-12323 -2540
-12304 25381
-12282 1399
-12279 -13379
-12242 11793
-12233 10592
-12228 -16544
-12053 -22320
-11999 -28217
-11993 -11492
-11889 24507
-11865 -2280
-11851 -13505
-11799 22722
-11798 4135
-11794 26583
-11640 -23172
-11581 28386
-11540 -21229
-11514 -28619
-11507 5235
-11454 16722
-11448 -7291
-11414 -3490
-11347 -7563
-11239 26390
-11202 6142
-11185 10137
-11108 9970
-11091 -10308
-10954 -16521
-10949 -2661
-10852 29273
-10816 5128
-10798 -6257
-10690 -23768
-10572 -5172
-10544 -12546
-10537 27688
-10500 24394
-10342 -22652
-10273 -6164
-10219 7396
-10177 -15411
-10163 -10436
-10093 -17431
-10066 10961
-10057 11964
-10037 -685
-10028 8759
-9958 21821
-9949 3773
-9927 16887
-9853 6638
-9820 29575
-9802 -18756
-9785 25188
-9749 -20795
-9739 -21639
-9670 -3634
-9670 28012
-9657 -24380
-9625 16024
-9588 29599
-9557 10790
-9545 2529
-9450 -9399
-9429 993
-9352 8618
-9351 -27746
-9340 -17636
-9232 -13001
-9198 24911
-9156 27535
-9040 -13892
-9000 21268
-8990 11496
-8983 446
-8934 -14920
-8901 -1798
-8826 18317
-8668 26742
-8661 19261
-8632 -13043
-8547 -21005
-8460 -9170
-8459 10128
-8446 -3709
-8441 12277
-8420 24459
-8326 12546
-8311 -1737
-8304 -2966
-8291 -1125
-8287 686
-8213 9896
-8177 -27222
-8037 -13163
-8034 13127
-7987 -23807
-7955 1269
-7946 -5171
-7850 29589
-7829 -4929
-7826 -6724
-7797 2179
-7777 14992
-7774 5574
-7673 -6061
-7643 22024
-7628 21301
-7610 27703
-7517 -25967
-7509 -19258
-7509 29281
-7442 25253
-7417 26367
-7414 17751
-7406 28253
-7384 -3121
-7346 6514
-7323 -5467
-7245 2501
-7228 5912
-7189 -14658
-7014 4617
-6988 -4189
-6895 1918
-6891 12931
-6886 -26837
-6761 -12461
-6702 17355
-6636 -16896
-6627 28749
-6608 -14536
-6593 22955
-6552 -2633
-6529 -9414
-6466 -20009
-6375 -14278
-6356 -16637
-6270 24159
-6267 -13481
-6157 12738
-6132 -5255
-6035 -3948
-6035 12294
-6029 3121
-6000 -22856
-5993 22389
-5969 3462
-5947 -6329
-5944 -7728
-5873 14570
-5864 3857
-5864 16307
-5727 -21153
-5702 13065
-5700 -17854
-5594 -18680
-5577 -1781
-5487 1190
-5440 13876
-5365 21827
-5332 26606
-5308 -22220
-5252 -29868
-5234 3368
-5230 -12689
-5186 16833
-5151 -24550
-5137 23079
-5129 -9198
-5062 7537
-5046 -15829
-5034 11876
-5031 9398
-5010 23840
-4927 -166
-4847 16130
-4782 8172
-4729 9203
-4611 -6701
-4601 -27464
-4400 -14439
-4394 -13645
-4392 -23477
-4341 11508
-4206 15697
-4177 -24829
-4172 -1619
-4160 -14490
-4155 -26276
-4142 -9624
-4111 -5157
-4092 -20352
-4060 6307
-4034 -15372
-4028 17918
-4018 -28981
-3987 749
-3893 -24069
-3857 26873
-3845 23295
-3587 10192
-3542 -13012
-3504 -7602
-3460 21508
-3380 -2625
-3306 -26013
-3223 2404
-3124 -25421
-3108 -16901
-3101 -11083
-3085 11669
-2905 5843
-2830 27156
-2804 -21025
-2798 13919
-2795 3384
-2682 2988
-2669 19757
-2651 12649
-2624 15661
-2618 -6960
-2616 28254
-2605 27383
-2537 19929
-2524 -17355
-2495 24178
-2488 -9573
-2469 -5215
-2413 6781
-2331 -27827
-2298 -3247
-2238 13560
-2219 17196
-2196 -24374
-2146 14262
-2140 17995
-2092 -3690
-2079 11166
-1892 14424
-1856 12755
-1725 -9971
-1715 2168
-1647 13642
-1636 -4713
-1592 -16759
-1588 28247
-1533 -9064
-1456 29691
-1422 20125
-1363 27993
-1275 14321
-1271 18909
-1257 8505
-1256 3217
-1238 -1603
-1223 3874
-1147 -5815
-1132 -12582
-1056 19496
-1036 -12712
-980 -11062
-954 15306
-947 -19723
-927 -1517
-921 -28288
-884 -19015
-803 9706
-796 -4099
-646 4941
-563 15128
-504 -6958
-481 660
-479 26768
-365 7892
-299 7872
-299 13644
-286 -2894
-207 22855
-192 1572
-178 -27687
-178 27212
-152 16041
-145 -14269
-91 29511
-50 16416
-7 1215
12 -14306
42 24009
110 -15939
157 1871
204 -29134
246 -17477
256 -28326
265 25744
339 -17020
341 -11061
386 16240
393 -4481
537 -21164
538 -11672
540 -10115
549 -8075
558 -9923
560 -5628
563 -15590
609 5489
622 2002
698 -19137
704 6449
708 -1949
777 25792
781 8554
800 -20568
876 -18441
894 -8941
911 20532
919 4794
936 -9449
1007 -11635
1071 25090
1133 11217
1165 -9607
1195 -25480
1222 -2160
1261 -17259
1313 -20282
1380 -17342
1393 -14007
1411 29606
1525 26694
1532 -18103
1587 23736
1616 -18639
1685 -6360
1761 -16772
1870 21384
1907 -14930
1941 -28603
2046 26622
2059 -10392
2149 -13846
2149 -2411
2331 29421
2357 -10405
2378 14890
2458 3917
2459 2711
2465 -385
2573 14780
2607 23651
2612 -16933
2636 -17369
2687 24021
2750 -21225
2754 11064
2765 -25003
2800 -160
2807 6878
2866 -16201
2920 -3037
2935 7334
2945 23543
2996 -10693
3009 -21223
3053 2114
3068 8731
3237 20536
3269 -7286
3269 5659
3343 19779
3363 -5947
3471 18316
3521 -4156
3568 3145
3574 -16212
3630 -29219
3648 -6936
3702 -6560
3710 -28979
3724 -28170
3724 5097
3810 15131
3827 20273
3873 18498
3916 -18832
3916 28202
3937 20888
4056 17093
4106 27928
4111 4885
4112 2245
4128 -2402
4279 -23232
4292 -13413
4369 8295
4393 13978
4395 -27094
4413 25261
4420 -8051
4443 27532
4446 -8350
4451 -24554
4467 29181
4476 22503
4493 -27815
4600 -21273
4628 14144
4661 21111
4691 19330
4786 27080
4983 26299
5012 -23632
5032 -22667
5081 -24163
5083 21198
5271 25786
5377 -11800
5389 8766
5394 -22952
5403 850
5438 -28482
5441 -14727
5474 -8739
5482 -23164
5496 -23821
5527 -27889
5612 -28423
5656 -4624
5737 -1506
5826 -17830
5858 -24887
5864 -3155
5875 23684
5884 8705
5929 -5850
5938 -15497
6075 -179
6124 12214
6169 26904
6196 -26582
6252 14466
6254 9266
6268 8768
6312 -11777
6427 4936
6444 -28302
6448 13000
6449 -20029
6449 -7404
6462 -6315
6480 21772
6538 28718
6734 111
6768 -13283
6775 4188
6783 6979
6804 3789
6845 -21066
6930 25126
6958 -14532
6965 -29121
7008 -27051
7137 -17705
7170 22147
7227 27096
7260 6891
7280 -5306
7314 -10462
7374 14142
7379 -12476
7418 9913
7441 26922
7450 -27529
7456 5166
7467 15193
7470 7756
7509 23700
7642 -4573
7669 21525
7694 27572
7731 -29362
7833 -16911
7866 -18002
7866 -15819
7883 -16057
7905 -2657
7916 11839
7920 -1551
7924 -4679
7954 -26995
8038 7705
8041 3487
8073 -21434
8147 -9278
8162 -14135
8191 13139
8242 4012
8254 -2550
8285 26921
8317 -4537
8330 -121
8375 -7550
8410 -22520
8413 -1511
8454 -27216
8547 6397
8608 2529
8738 -26250
8754 1507
8774 28372
8821 13937
8859 14353
8928 4027
8942 4845
8946 17025
8971 -8913
8972 28800
9056 -11107
9077 5366
9231 -11980
9233 10550
9271 -19085
9296 26558
9354 27460
9357 28695
9363 -20050
9399 1998
9416 -25254
9475 -24094
9516 18503
9518 16960
9529 -27902
9575 5990
9592 -22925
9628 1820
9646 2602
9725 22148
9727 -17474
9777 -5913
9790 -1856
9840 -291
9851 22245
9900 18569
9929 -15572
9931 -4121
9932 14635
9959 -13910
10104 9180
10137 -20206
10194 -9125
10207 193
10210 14630
10293 14719
10314 12117
10360 -5822
10393 -531
10524 -21979
10557 210
10685 16137
10761 -20064
10791 14554
10804 -26544
10817 17735
10876 20382
10917 -15856
10918 -14247
10948 -5868
10991 -6822
11074 -12022
11092 18810
11109 -4693
11110 12266
11157 -11902
11179 -18866
11238 16153
11350 6865
11451 4359
11468 -12119
11474 -9490
11507 13585
11516 -6483
11556 28943
11567 -6506
11600 3016
11730 -3067
11791 -7064
11805 25939
11862 19147
11875 10130
12112 4798
12148 -18242
12177 -6009
12185 -23414
12244 -25210
12291 -2771
12309 -14879
12341 -26275
12357 27372
12368 -23410
12416 18295
12433 -22014
12438 21556
12472 27763
12481 -2481
12500 9260
12530 10692
12531 15465
12557 2346
12604 1219
12636 -2832
12700 2681
12850 1633
12913 1505
12978 15898
12981 -26543
12986 19813
13009 -24234
13069 17169
13086 -24036
13114 -12093
13140 21866
13193 -6169
13239 -299
13252 -2271
13269 -21573
13276 -8734
13289 -549
13305 15430
13370 5117
13371 20514
13381 -4287
13383 -29196
13436 18622
13439 21415
13457 13008
13465 9295
13553 -7383
13631 -7322
13632 -19775
13640 13631
13703 9220
13721 6257
13811 -18370
13822 26321
13857 817
13862 -13998
13919 17987
13958 -9904
13961 12803
14003 15705
14019 -17650
14035 10692
14110 27806
14138 -16150
14184 -6457
14190 11986
14308 -10265
14308 23019
14395 17778
14408 -14774
14466 4989
14494 -16551
14539 6917
14694 -26808
14765 23487
14788 -16311
14806 -7604
14812 -28161
14869 25378
14889 14578
14911 16483
14929 -7632
14929 22193
14932 21229
14955 14298
14983 15963
15069 -17581
15107 -7937
15132 21138
15148 -28483
15279 25382
15335 9688
15433 16761
15548 -12601
15550 7563
15574 4737
15601 -27114
15615 3184
15670 -11584
15683 -6376
15708 -5272
15748 -2759
15825 -11901
15839 -24229
15897 21145
15929 12537
15951 -18395
15954 -15352
16047 15234
16078 1741
16084 -25429
16170 2272
16216 -11982
16313 14667
16344 -6169
16385 -15932
16392 -18472
16406 -4
16439 3695
16443 -15258
16451 21662
16456 -3632
16469 15203
16500 23205
16528 8862
16552 10504
16566 5463
16580 11695
16608 29524
16611 2075
16640 -6045
16657 -20180
16668 28977
16706 -8276
16710 20009
16717 -14317
16718 -13850
16735 24510
16742 10946
16884 -16202
16892 -25956
16897 -29190
16907 -17748
16939 3419
16941 -8786
16976 -23447
17005 13257
17086 -5407
17174 -13443
17214 -9134
17263 27924
17284 -13312
17289 1996
17347 28331
17367 -3992
17421 -29454
17426 7792
17434 -13959
17460 11429
17478 11695
17515 14224
17630 -8776
17648 15272
17652 29062
17710 15490
17745 -8153
17796 -9911
17805 1246
17822 -29021
17864 27685
17873 -16124
17891 12732
18051 18927
18109 -29170
18130 -9939
18147 -4392
18177 2942
18194 2927
18269 -17266
18395 15184
18397 -15531
18400 2885
18487 -18138
18562 -11484
18592 -21468
18677 -12179
18681 -10913
18721 -26402
18767 -20399
18768 -16230
18785 4934
18801 -2954
18938 10123
19021 -25813
19083 21079
19139 -11586
19174 -22512
19187 5616
19264 16160
19320 23550
19378 3624
19415 5017
19535 -29866
19586 -6972
19665 -25299
19720 27432
19767 5019
19821 26380
19852 -16473
19880 -18426
19927 26304
20021 16135
20044 15631
20054 4045
20155 7552
20182 10485
20186 -17631
20224 -13753
20226 -16855
20240 11082
20271 -10404
20352 -22949
20361 -1626
20375 14576
20394 -15108
20445 -28210
20445 -19284
20497 26997
20505 -17979
20518 21276
20537 -3007
20554 -379
20593 -19617
20638 -25330
20810 8058
20811 6366
20857 -20676
20893 3133
20914 -22497
20928 -2788
21041 3201
21047 -5270
21066 18817
21071 -20641
21095 3160
21144 6971
21151 29821
21161 17787
21179 -6793
21361 518
21532 8752
21551 -20600
21574 -5436
21654 20434
21659 6657
21674 26549
21680 5637
21732 -21253
21769 13175
21892 -11106
21989 -13664
21993 -14628
22038 28976
22079 -20697
22125 29011
22127 -5539
22136 28334
22180 17358
22220 10815
22238 26834
22258 14611
22428 -4499
22440 -4199
22448 -16448
22450 14207
22479 29657
22494 -12908
22496 16906
22555 13732
22657 -2672
22658 -29387
22690 800
22700 -15718
22798 -27638
22881 -9411
22964 -27322
23048 7238
23089 17259
23105 4179
23109 23420
23141 -15866
23176 27927
23192 8257
23194 -13603
23197 14476
23208 -18133
23216 -9230
23299 29119
23322 -25904
23337 8013
23346 -9768
23419 10799
23468 17457
23509 -18264
23520 29556
23545 17961
23561 -19235
23593 -8413
23603 -26054
23617 -869
23668 21221
23687 -661
23699 -9434
23707 -3048
23708 14703
23745 19013
23802 -28154
23818 -26472
23950 24291
24008 -12729
24022 19551
24077 -8978
24083 -5777
24085 -18901
24101 7224
24108 3396
24116 9990
24174 -28615
24208 -26353
24213 -11034
24219 -12746
24310 -27936
24356 -5863
24384 11746
24384 25864
24419 -25244
24428 27449
24435 1695
24498 -26585
24530 -27316
24565 -21291
24639 12580
24671 6328
24681 -28867
24703 -28185
24796 14656
24805 -18851
24835 6631
24858 5096
24937 29640
24990 7435
25172 15945
25233 2629
25311 -12665
25431 26819
25455 406
25460 17405
25483 8356
25537 25530
25666 -7008
25708 -21780
25717 23123
25739 1557
25747 -14977
25764 24794
25766 7366
25908 -12315
25912 -3074
25935 -6062
25971 11567
26030 -7757
26066 -18209
26100 -10565
26114 3809
26118 3881
26199 -17874
26225 269
26243 5458
26301 21408
26313 -10364
26355 8396
26360 5447
26426 -28610
26466 2308
26492 10535
26533 29374
26599 28038
26623 26682
26639 -13106
26696 -1012
26709 26789
26741 5737
26765 10280
26822 3678
26866 -11341
26909 -21714
26964 -21394
27084 14693
27109 -26399
27170 29570
27235 -15115
27340 29260
27416 12646
27442 15290
27585 19108
27589 2123
27619 -12712
27628 8718
27630 28956
27644 19904
27652 -7104
27705 -28195
27717 22706
27876 -19541
27918 24199
27968 21190
28088 8940
28108 13822
28135 871
28143 6773
28152 -18957
28208 -7388
28364 10666
28526 -18226
28544 -21453
28557 17500
28631 8748
28702 -10207
28753 18911
28802 26614
28808 10381
28855 18903
28860 -15158
28919 11305
28927 9346
28964 -17716
28976 28249
28977 6530
28988 6196
29088 -26083
29169 -18980
29204 19250
29283 -10664
29307 7394
29315 12323
29414 -15799
29506 13746
29515 -16386
29559 -25085
29584 -25473
29613 -214
29630 22759
29633 -16386
29646 -7370
29660 20918
29688 -12307
29696 24860
29700 29865
29776 27905
29786 28683
29829 -26855
29851 3089
29882 25468
29912 19594
29931 -27310
29980 -24164
29995 -17151
