1500
-29937 -16539
-29904 15000
-29890 -25782
-29866 20510
-29841 -21941
-29745 21558
-29700 27653
-29637 -21666
-29611 -28392
-29568 -10682
-29504 -795
-29393 23562
-29329 20757
-29229 9649
-29168 -25128
-29159 -18974
-29083 -2121
-29025 -20870
-29018 -13683
-28989 -25299
-28961 17788
-28951 -6716
-28891 -2354
-28811 -9987
-28810 -4321
-28781 -3391
-28702 -22073
-28653 3795
-28612 15130
-28591 19652
-28567 -4642
-28531 -10000
-28478 -3675
-28457 -6206
-28380 -28268
-28336 278
-28316 9233
-28288 -6973
-28253 16770
-28247 -21551
-28143 -26494
-28142 -19277
-28115 -21029
-28108 5352
-28075 24200
-28055 14524
-28051 -21479
-28031 15379
-27995 28809
-27919 29565
-27863 -5045
-27846 -14375
-27841 -27477
-27816 -23392
-27793 16176
-27784 3797
-27766 20663
-27720 -12275
-27667 -10974
-27664 -23503
-27663 3013
-27641 -23027
-27628 28955
-27611 -21255
-27600 -26455
-27438 29644
-27416 3662
-27389 18494
-27338 16050
-27325 22035
-27266 1901
-27263 -23465
-27254 -1925
-27005 10915
-26994 4217
-26907 -19083
-26901 19263
-26881 6550
-26869 14079
-26818 -10464
-26610 11549
-26509 28261
-26459 2525
-26428 21254
-26424 19412
-26202 19700
-26194 2910
-26128 29983
-26085 9437
-26066 -29241
-26028 -4675
-26012 -20714
-26012 -7347
-26001 22068
-26000 -4308
-25944 -16498
-25864 19717
-25783 19218
-25743 1273
-25715 -24493
-25715 -17688
-25665 16986
-25614 10295
-25560 20944
-25550 13891
-25533 -14130
-25532 -3652
-25492 26317
-25466 27041
-25430 -23887
-25359 9516
-25342 -15100
-25307 24379
-25306 -25731
-25266 5870
-25249 26308
-25220 -7692
-25210 -14928
-25169 -29159
-25142 -11842
-24935 -29098
-24917 22436
-24904 -20983
-24828 -2139
-24805 24513
-24746 11868
-24706 -14425
-24684 7587
-24653 -17454
-24649 22748
-24615 -23154
-24556 18286
-24475 -19501
-24467 -15995
-24455 -2607
-24443 -15576
-24425 -4457
-24276 16816
-24251 -20985
-24239 17975
-24221 -20356
-24163 13045
-24154 10964
-24118 -20459
-24090 832
-24058 -5262
-24005 -14101
-23996 23816
-23965 4694
-23955 29928
-23895 -16681
-23779 -27398
-23776 -29334
-23751 3453
-23741 -740
-23650 22951
-23650 27154
-23645 23595
-23633 12204
-23556 8637
-23522 21617
-23516 17811
-23460 -12886
-23330 24234
-23318 -8197
-23287 17250
-23279 16287
-23257 -22504
-23219 -7927
-23125 25389
-23101 18062
-22999 -13384
-22977 -12675
-22958 16254
-22955 -12552
-22944 9179
-22894 -12119
-22877 5426
-22864 -13159
-22857 28260
-22799 -12573
-22764 14741
-22749 -26307
-22495 -18682
-22495 -1544
-22447 -25062
-22390 -26070
-22300 15536
-22286 -11724
-22267 -26208
-22229 -29148
-22191 -17098
-22148 -9449
-22082 5708
-22079 14885
-22027 -24371
-21986 7710
-21984 2027
-21974 4144
-21930 -13938
-21915 -10630
-21877 6541
-21874 10199
-21816 27979
-21778 15817
-21775 24045
-21668 -10100
-21657 22278
-21650 -11831
-21648 -21108
-21604 -5941
-21598 -8119
-21559 4829
-21491 -1255
-21462 -29851
-21437 27323
-21432 -1177
-21337 -22470
-21286 17288
-21100 6237
-21085 20851
-20936 -1486
-20853 -17346
-20768 29365
-20735 -10373
-20692 11161
-20651 8437
-20647 -26118
-20624 -26140
-20613 -25414
-20571 3638
-20528 4305
-20450 24736
-20419 -25890
-20393 -5066
-20378 -23334
-20366 -10522
-20319 -12919
-20308 -451
-20305 -4177
-20197 -14748
-20110 -23854
-20100 -26820
-20090 -21827
-20061 9871
-19955 20980
-19933 -7013
-19864 27939
-19796 3916
-19700 -21038
-19695 -9931
-19664 -5110
-19637 313
-19531 6197
-19457 23950
-19379 17020
-19346 -11427
-19337 1781
-19333 -22313
-19279 25132
-19208 -5979
-19190 -13194
-19183 21209
-19131 -28810
-19044 -7420
-18995 -13791
-18883 -5760
-18810 -5356
-18786 -2960
-18778 -21733
-18722 -22986
-18707 4873
-18688 -18651
-18647 -21582
-18645 20643
-18565 27000
-18557 -1571
-18511 20291
-18487 274
-18479 -5254
-18464 -21450
-18395 28192
-18390 18966
-18370 -26240
-18303 23967
-18260 17438
-18238 26063
-18220 12137
-18199 18138
-18142 -6244
-18132 -28739
-18128 14233
-18062 28085
-18036 -2867
-18027 -29305
-18016 -26035
-17983 -23939
-17956 -2597
-17929 -22786
-17911 28238
-17770 -11547
-17721 2759
-17680 13752
-17677 -12523
-17656 -22684
-17630 13139
-17599 -18717
-17559 17062
-17490 -14871
-17434 25714
-17432 10632
-17241 15016
-17127 28056
-17095 -23973
-17083 248
-17082 -27704
-17038 -1484
-17032 -17303
-16949 -22125
-16890 -15293
-16887 1958
-16826 -286
-16810 -26246
-16779 11258
-16768 -29422
-16716 29441
-16677 1083
-16676 5223
-16658 3107
-16582 -540
-16519 -3866
-16330 15182
-16312 -8036
-16256 1335
-16241 -10729
-16114 -26618
-16113 -23877
-15951 3283
-15935 -10844
-15935 26750
-15849 1375
-15773 23511
-15758 -22210
-15757 -24202
-15649 21867
-15642 -21492
-15450 19273
-15414 -27845
-15398 -23926
-15393 13976
-15329 -1376
-15279 -21396
-15270 9939
-15202 13873
-15199 22420
-15186 -10291
-15126 -6744
-15076 -17304
-15049 7479
-15045 -10907
-14986 -9496
-14968 -27096
-14926 -16050
-14924 26095
-14918 9027
-14897 17451
-14826 26543
-14706 -22037
-14679 10869
-14648 29410
-14645 -2524
-14620 19583
-14572 -16271
-14543 27653
-14532 -19975
-14524 -23171
-14449 24399
-14444 15110
-14443 9920
-14414 -11449
-14390 20358
-14384 18468
-14353 -7023
-14341 -25880
-14341 1461
-14331 27199
-14284 -7745
-14268 2321
-14150 4697
-14142 29054
-14138 -15939
-14106 -7977
-14098 9346
-14094 -21161
-14074 -16920
-14069 6518
-14042 -505
-13939 28880
-13908 16129
-13819 -8108
-13809 -9472
-13706 813
-13666 24360
-13588 14055
-13466 1695
-13433 -27384
-13410 14999
-13396 -1221
-13385 16703
-13384 16776
-13301 23979
-13250 11064
-13206 -22549
-13160 -19868
-13159 -23937
-13100 -6611
-13068 23662
-12999 9627
-12971 29608
-12970 -4358
-12969 12546
-12955 16459
-12954 10139
-12934 -14895
-12800 -27087
-12786 -26942
-12722 -16277
-12717 29113
-12696 -28275
-12677 -12548
-12617 16079
-12574 -24572
-12432 -8306
-12328 -17223
-12261 -12992
-12255 -19941
-12227 12142
-12131 23271
-12117 -24680
-12032 -10127
-11903 -3927
-11846 6010
-11839 -21094
-11836 22907
-11829 218
-11811 -25402
-11773 -6255
-11648 -11383
-11615 12586
-11593 -29576
-11538 11362
-11535 -5052
-11498 15380
-11492 19539
-11449 -20961
-11441 13129
-11433 17952
-11359 -37
-11315 10755
-11310 18006
-11193 -13748
-11193 18201
-11185 23414
-11168 15165
-11120 -4652
-11086 -7357
-11028 -18979
-10973 -21129
-10942 14880
-10896 -14511
-10817 2519
-10781 -79
-10779 -17707
-10773 -26259
-10773 28415
-10714 -4251
-10699 22307
-10694 3598
-10686 16970
-10662 -4879
-10613 14234
-10609 -16232
-10609 22522
-10577 28226
-10553 -6939
-10453 21851
-10386 15198
-10361 -21203
-10359 -27256
-10341 -7824
-10292 -19457
-10261 -12974
-10115 -2002
-10076 -6191
-10004 -24418
-9988 -2931
-9977 2092
-9917 -13221
-9916 -29719
-9898 -5200
-9882 -21565
-9721 6250
-9700 -23819
-9658 -1427
-9652 -21268
-9615 -27669
-9545 21795
-9506 13295
-9464 3022
-9384 -18633
-9370 11870
-9298 -27576
-9287 4419
-9251 -29139
-9234 -163
-9225 16364
-9194 -25507
-9142 21680
-9065 -27930
-9019 -14818
-8966 29870
-8938 -12554
-8935 18953
-8930 -27081
-8899 -21762
-8897 9648
-8885 -13481
-8881 -23584
-8830 -5855
-8762 -16324
-8670 21037
-8652 13617
-8651 -10599
-8647 -5461
-8632 -2224
-8540 -4289
-8532 -25938
-8495 24795
-8420 4368
-8399 11522
-8335 10493
-8331 -1273
-8232 1308
-8199 -18778
-8136 18692
-8069 -21465
-8055 19354
-7944 11022
-7931 -18493
-7922 -27948
-7912 13538
-7852 -22232
-7772 -14119
-7718 1691
-7678 -16547
-7672 15219
-7642 -28996
-7562 24649
-7529 -705
-7481 23020
-7352 -13293
-7346 -24677
-7337 3551
-7310 22873
-7271 -10023
-7260 3322
-7167 -21549
-7148 24509
-7119 -12029
-7099 -2835
-7076 14462
-7064 -12197
-7007 -26151
-6988 -13829
-6982 -609
-6947 -4931
-6928 -24191
-6926 9996
-6894 -15905
-6851 -11459
-6840 11806
-6819 -4380
-6806 6996
-6793 16062
-6776 5636
-6643 -17148
-6610 -27623
-6601 -12606
-6598 -25547
-6542 -13254
-6522 -16666
-6464 5714
-6460 21253
-6432 3096
-6409 14237
-6348 -436
-6329 12307
-6276 25193
-6254 -5873
-6233 20005
-6219 -1464
-6206 -21742
-6134 5227
-6105 -19232
-6105 -12688
-6096 16792
-6092 7015
-6091 19380
-6088 19110
-6055 24542
-6032 -9695
-6021 29161
-6019 19275
-5981 565
-5912 25446
-5880 -7279
-5860 -3270
-5786 25458
-5757 12372
-5700 -8892
-5673 -23326
-5672 4737
-5655 -2568
-5601 -15950
-5599 22717
-5532 -2444
-5461 15160
-5442 27033
-5434 -20940
-5377 12279
-5351 18352
-5283 -4124
-5265 26516
-5263 -7300
-5150 -17020
-5118 14132
-5111 15149
-5046 -18290
-5036 -25022
-4861 -20137
-4816 -9978
-4779 -2234
-4744 25535
-4706 22936
-4699 24227
-4659 -10293
-4635 -17528
-4601 -16453
-4593 25717
-4561 17915
-4552 5244
-4545 22828
-4537 -22373
-4498 -21888
-4467 -21215
-4454 -4274
-4440 8081
-4348 1138
-4306 235
-4274 -29483
-4248 5566
-4112 -21068
-4110 -21512
-4109 -552
-4095 -12075
-4052 -2871
-3996 -22886
-3963 25653
-3941 -14977
-3891 17991
-3852 -19460
-3842 -25173
-3806 1987
-3746 9788
-3714 -26774
-3713 25775
-3712 8395
-3705 -15366
-3630 -9474
-3549 28645
-3538 -26926
-3452 28764
-3230 16225
-3167 -14326
-3151 -8235
-3144 -6168
-3120 11182
-3108 20997
-3103 10186
-3085 19335
-3075 -6805
-3041 -10505
-2921 21610
-2910 -9095
-2906 -25164
-2905 18511
-2902 -1215
-2818 -11923
-2799 9032
-2798 -18294
-2786 -3123
-2757 -10715
-2644 18472
-2578 15039
-2558 7247
-2558 13936
-2511 26561
-2479 18551
-2472 -6670
-2462 27154
-2404 -3482
-2377 19096
-2348 -21570
-2292 19081
-2260 -28281
-2244 -17404
-2176 19177
-2147 -22083
-2100 -18160
-2032 -14470
-1960 29264
-1951 2232
-1928 -28717
-1913 7299
-1846 19139
-1765 12061
-1739 -12035
-1700 -20154
-1672 -16383
-1669 -16534
-1593 -7315
-1581 -4996
-1511 -13528
-1440 10256
-1438 -27625
-1388 12472
-1318 -4152
-1312 -22463
-1292 26219
-1285 -7812
-1176 -16193
-1166 -23599
-1090 -12862
-1003 5567
-903 19360
-893 23904
-860 27031
-833 -14420
-831 -27787
-746 -10697
-737 12631
-624 871
-582 -16242
-578 -25108
-547 7727
-475 17076
-457 -14663
-374 14488
-371 -12303
-345 -26527
-242 -8086
-238 14909
-164 3423
-154 -7972
-122 20037
-104 29672
-38 17480
-6 25553
-2 9875
95 7686
138 26592
139 728
215 21213
219 4147
231 -14236
240 -16829
271 -14428
340 23158
389 -9051
549 2673
558 -20994
768 20993
783 -21959
850 8386
960 20702
1011 4319
1057 -28161
1061 -10166
1065 -25102
1159 -29814
1175 -20378
1226 24849
1297 6482
1326 -6566
1327 -17894
1405 13770
1457 6055
1485 23477
1511 28897
1637 29556
1648 7306
1678 -15516
1689 -5548
1701 -26607
1750 18592
1843 22741
1870 15985
1886 -18254
1893 -6632
1893 9068
1988 17793
2017 20979
2021 12440
2046 4425
2194 8519
2198 13873
2227 -12025
2229 19809
2351 26272
2421 4584
2510 -14155
2529 -2614
2544 -19651
2568 4835
2595 29254
2598 29663
2660 -7754
2670 -11678
2689 -12625
2689 18911
2718 8745
2776 -13301
2802 7057
2819 -22599
2861 -428
2873 10356
2949 -976
2960 1401
3000 5651
3002 -14764
3024 -17556
3051 9524
3057 -16673
3075 -23081
3127 12326
3130 17634
3164 17667
3196 27009
3201 2672
3222 6045
3228 -27786
3316 27105
3336 7917
3365 -11113
3398 24540
3415 9165
3426 -11754
3462 24983
3463 -14655
3533 28053
3686 22099
3690 5364
3692 -27933
3701 -7118
3793 -13445
3894 -12365
3992 -27507
3995 -28174
4086 -5707
4093 27661
4141 2784
4245 -3431
4283 -5652
4409 -18948
4458 -9122
4491 -18600
4646 1869
4668 -26374
4732 -25669
4752 3770
4850 -24534
4882 5508
4897 -10007
4903 1631
4944 23670
4955 -24398
5016 -24207
5101 27692
5304 -15528
5335 -26398
5352 -3654
5438 -26836
5489 -968
5620 20228
5770 1630
5811 19488
5944 17414
5969 -28460
6011 -11886
6072 -14438
6094 -26061
6098 -16792
6123 -29196
6171 -15496
6206 4285
6236 28886
6265 1704
6334 27440
6338 29568
6366 -18264
6398 3478
6445 -16981
6482 -6258
6496 20988
6514 8458
6514 9601
6538 -10746
6558 -7058
6568 -28861
6646 -21764
6701 -22232
6712 -25607
6757 -20428
6797 12851
6838 -13790
6841 -13028
6845 960
6864 24373
6925 -3932
7025 -12428
7043 -7543
7076 11717
7210 -25759
7275 -2337
7293 14955
7381 24822
7389 -9651
7406 -12576
7423 5375
7439 12163
7452 21138
7469 19231
7469 22656
7481 -9673
7505 -21691
7520 24541
7522 6245
7531 9483
7539 -4530
7569 20001
7582 -24566
7657 6904
7700 -13495
7715 7087
7750 -24157
7764 3704
7783 -1791
7787 9372
7791 -19746
7884 -23053
7888 -23235
7902 27270
7930 -12396
7947 2511
8007 2245
8046 -4531
8046 7744
8096 6370
8108 2602
8156 11130
8205 -2889
8210 27522
8270 2702
8297 3076
8341 -2817
8454 6372
8466 -9875
8498 -9311
8504 17440
8559 28434
8576 17112
8596 -7259
8650 23902
8706 -9171
8709 14770
8740 -9883
8761 -3962
8793 28555
8812 27735
8879 12228
8893 -11220
8920 -646
8927 -14708
8930 27070
9040 7240
9079 26809
9123 -10531
9138 -10806
9145 -22475
9150 -10996
9217 -7275
9230 2463
9244 -25390
9278 18714
9303 23471
9402 -25240
9417 8741
9470 22006
9566 -3443
9575 -24468
9678 8912
9683 22564
9698 16499
9787 -2182
9794 22858
9815 24318
9912 -8603
9943 -27870
9976 -28078
10060 14179
10153 -21962
10243 15429
10302 -9664
10321 -11285
10347 3959
10352 -20353
10354 -28366
10400 11675
10513 -28743
10522 17645
10526 -25169
10619 -6367
10695 3002
10756 20116
10772 -17681
10821 -3868
10831 12806
10870 -26909
10915 -9074
11077 -3656
11173 24475
11182 -26149
11262 17833
11294 -7797
11315 -20531
11340 8629
11342 -3720
11378 -10559
11444 20734
11499 29047
11520 15525
11569 8691
11637 -12146
11658 -13586
11705 -13314
11775 26528
11782 8173
11823 -16282
11921 1123
11964 22572
11975 17751
11983 -28002
11983 -14525
12049 27684
12072 -28713
12072 -14720
12087 -4931
12181 -1315
12408 -10976
12436 14796
12491 -1039
12675 94
12774 26665
12787 -26343
12789 25639
12806 -28250
12824 14389
12838 289
12838 3486
12839 -21617
12929 27014
12973 -3298
13032 9437
13038 4146
13245 -19324
13352 -17281
13379 -19633
13446 29072
13513 -18491
13531 -15776
13567 17553
13635 -678
13664 -6853
13705 -25688
13747 -25412
13828 8223
13871 6239
13909 -21876
13972 -19174
14040 14786
14068 26613
14081 13872
14208 17839
14215 13722
14216 25466
14235 5014
14370 25643
14398 -25070
14462 -24928
14494 25207
14550 12167
14553 -21916
14633 18083
14658 18857
14709 4632
14751 -24039
14767 -13895
14771 -1776
14772 -4026
14830 3339
14832 5005
14846 -14555
14933 -10364
14937 -8023
14966 -26462
14991 1298
15015 29783
15058 -11309
15088 4135
15104 2495
15116 3093
15141 466
15172 18990
15191 -3441
15215 -23240
15224 -8962
15235 21172
15251 122
15311 -9459
15312 28247
15352 -25663
15432 27620
15477 -4737
15499 -8513
15503 28056
15521 -12520
15535 -29244
15538 -7469
15610 16153
15658 18467
15682 3054
15759 18448
15798 -22187
15803 3856
15813 -7285
15886 4498
15914 -17744
15940 -25430
15941 -20786
15980 18913
15998 -17551
16004 16029
16095 19784
16154 20497
16195 -21757
16300 -26693
16301 -27592
16314 10682
16327 -10936
16402 15686
16421 -22785
16445 4194
16472 -27712
16473 21238
16617 -12539
16633 21460
16680 13995
16772 8036
16784 -1229
16790 -8918
16880 -15389
16922 -22096
16927 5951
16957 -23329
17034 -3113
17080 -20345
17099 20846
17158 -28513
17174 -7578
17180 -15363
17235 6937
17260 -26839
17312 -3115
17313 -12913
17325 -14853
17452 8062
17454 -9708
17489 -2094
17510 -541
17559 -16211
17639 -24668
17717 -13794
17723 22341
17725 -26898
17737 -16554
17772 -15462
17838 7677
17868 -13662
17909 -16774
17914 -23255
17981 10941
18079 -15025
18203 12580
18262 -1298
18277 5664
18344 -14029
18380 -10275
18390 7516
18391 -15115
18391 -4061
18405 -16351
18435 20705
18465 -26672
18516 -23507
18522 -3317
18585 18858
18616 -14052
18620 1169
18638 28638
18643 -6864
18653 21793
18708 11448
18729 7687
18794 -12304
18815 18089
18817 4111
18848 -26410
18900 22008
18924 -211
18938 -8379
18945 -18663
18952 29167
18978 15400
18984 -15117
19041 -19951
19066 29837
19079 -12057
19119 18254
19255 12262
19305 27250
19332 21154
19333 29769
19370 19458
19415 -3095
19449 -13314
19470 5020
19482 29389
19624 -22528
19646 1831
19649 24677
19678 29321
19721 4398
19745 19963
19769 -24575
19781 15204
19790 -27856
19809 11482
19910 -20324
19916 16228
19949 25536
20041 -25856
20100 19623
20169 -23296
20177 7956
20179 -28653
20213 -3219
20217 -13548
20241 -7468
20248 12203
20252 23142
20283 -16928
20326 -19395
20466 -25067
20558 2216
20614 4527
20641 7149
20734 67
20734 12570
20801 9363
20813 -18625
20830 12215
20857 -1089
20901 17542
20914 5286
20955 27111
20982 5219
20983 29700
21007 23846
21011 -6254
21039 26222
21138 -20898
21182 22568
21222 -3217
21297 25713
21366 -19433
21487 24075
21489 15907
21490 -20162
21504 12496
21602 -26295
21636 -23289
21738 21158
21742 -26890
21812 -12538
21884 -26477
21895 -10622
21926 -12159
21949 21976
21959 15168
21984 -8325
22036 28558
22074 -17168
22095 -9982
22152 -19639
22176 -3023
22196 21103
22251 -11723
22415 13972
22426 11084
22486 1016
22540 7533
22562 -18843
22587 -29753
22611 -943
22734 12561
22886 22298
22905 28273
22947 20253
22960 -18408
22977 -5596
23025 20661
23054 20233
23108 -26293
23113 -19869
23140 -10437
23159 24638
23328 24710
23419 -5945
23427 22104
23432 16091
23534 8153
23551 -19322
23581 7807
23657 18223
23660 -4269
23697 -7303
23715 22139
23781 23834
23797 17067
23809 4947
23859 16960
23927 -10233
24028 6691
24186 19463
24201 -6690
24262 -2729
24263 -27500
24322 13207
24455 21789
24525 14797
24567 14792
24580 18626
24620 13884
24623 -15138
24647 1417
24775 20660
24776 -824
24806 -19157
24831 540
24884 -14451
24904 20380
24934 -28830
24949 -10510
24963 -15734
24981 10886
25022 -16010
25057 -13039
25065 -7910
25066 17593
25392 22416
25428 -16221
25594 -18943
25617 -20761
25676 -546
25697 29780
25734 -25349
25738 28010
25757 25365
25798 -22088
25798 6182
25803 14821
25979 8252
25983 6902
26024 -11496
26186 398
26242 1281
26272 17798
26286 12895
26422 21630
26525 -11710
26556 13137
26655 19975
26678 -29118
26904 -10858
26924 3515
27014 4199
27084 -15901
27234 21298
27358 -29777
27376 -5692
27379 -25740
27398 12015
27413 -17734
27414 -22014
27492 15768
27576 28362
27592 20995
27599 -21425
27605 20624
27616 -14968
27616 17315
27621 -18164
27648 -8714
27688 4192
27704 761
27782 -10992
27799 23214
27854 -24754
27872 21648
27926 11467
27959 14086
28066 -3882
28072 6763
28077 14077
28144 -23063
28157 -10390
28162 -9301
28162 9922
28188 25551
28223 -8448
28237 27766
28276 931
28281 -23164
28291 -23029
28329 -8491
28384 -17790
28487 -6369
28487 14614
28503 23718
28513 -13594
28534 7669
28574 -15519
28615 908
28637 -14735
28695 19071
28757 880
28765 8503
28855 28648
28893 -11403
28931 23866
28942 -10687
28968 26513
28997 15786
29017 23636
29028 -14505
29044 -17299
29219 1609
29246 -11832
29257 -982
29285 18457
29289 -12239
29356 9294
29373 25661
29379 -10792
29382 -11267
29438 12167
29500 -3607
29576 -12952
29597 27994
29601 -1991
29636 -22617
29644 -9689
29706 -7563
29707 18896
29735 5160
29773 -3959
29803 7797
29842 1248
29941 26554
29964 -20679
