1500
-29993 -22257
-29987 22901
-29905 29646
-29900 -20925
-29866 -2153
-29858 -670
-29853 -15245
-29758 -3339
-29709 17334
-29703 7541
-29625 -4513
-29594 25359
-29589 -15338
-29584 -29845
-29533 27646
-29501 3167
-29500 4573
-29448 -12833
-29432 -10759
-29423 -9360
-29391 -9759
-29372 -2223
-29318 10608
-29102 -24623
-29072 16622
-28983 -9961
-28965 29858
-28892 28775
-28856 28251
-28846 -23507
-28845 -27890
-28674 -7907
-28673 26780
-28617 -13320
-28615 -7860
-28571 26398
-28553 16312
-28515 27075
-28513 28941
-28426 23361
-28402 22275
-28385 -29786
-28373 -25214
-28334 5481
-28139 383
-28118 -11321
-28048 27370
-28019 -29390
-27996 7511
-27974 -14510
-27962 -3273
-27958 -5461
-27940 -16272
-27902 10796
-27876 27243
-27871 -15918
-27864 -777
-27864 10118
-27780 12088
-27772 -10165
-27772 11738
-27762 9844
-27654 3842
-27641 1111
-27616 16168
-27610 -7285
-27561 12260
-27557 27276
-27553 16321
-27551 25456
-27531 -27505
-27521 -5981
-27508 -5702
-27469 22518
-27266 -3148
-27196 -6745
-27172 15619
-27052 16207
-27003 19151
-26893 -28264
-26854 -27767
-26832 -10818
-26786 -9332
-26757 -4240
-26694 -20108
-26665 4220
-26651 -12530
-26511 8985
-26473 28359
-26466 16870
-26461 28104
-26446 31
-26446 9976
-26429 18073
-26372 -25674
-26308 -541
-26281 766
-26244 -17452
-26221 3169
-26217 2069
-26135 10272
-26103 -21157
-26044 -26382
-26029 26178
-25942 3043
-25849 -13468
-25840 25900
-25778 -20238
-25768 -20500
-25627 -19738
-25601 -24593
-25592 -3132
-25589 -7481
-25437 28130
-25368 21302
-25362 -250
-25350 -28558
-25325 -319
-25302 -19106
-25299 28926
-25273 18297
-25262 5722
-25241 -24586
-25237 -7201
-25184 7717
-25182 -47
-25131 -15851
-25129 10930
-25103 29699
-25077 -1083
-24972 -17562
-24908 -20066
-24799 24629
-24779 15747
-24664 -20030
-24663 -2414
-24603 -23207
-24603 -3772
-24562 -1385
-24529 -952
-24442 -2530
-24405 19862
-24394 19113
-24362 20311
-24299 29017
-24278 5163
-24238 -27786
-24158 21706
-24142 7276
-24134 9121
-24112 -12083
-24063 13160
-23980 10324
-23968 -13962
-23958 -21088
-23946 -57
-23941 23270
-23924 9184
-23920 -15734
-23874 24828
-23856 18406
-23720 -4460
-23685 21752
-23649 -23608
-23640 -22917
-23626 -807
-23584 28003
-23560 2145
-23483 11940
-23396 -28015
-23351 8181
-23290 2036
-23208 12022
-23130 25329
-23071 4662
-23061 1184
-23054 7062
-22966 -17124
-22913 29191
-22847 -6167
-22830 -28145
-22796 28380
-22785 16478
-22760 683
-22753 10782
-22752 -551
-22746 -20231
-22734 -19909
-22633 -27801
-22617 -19187
-22607 23336
-22596 -9695
-22556 7330
-22544 -1937
-22491 26107
-22455 -18261
-22440 -23843
-22430 -17860
-22424 23344
-22411 29016
-22380 -28976
-22361 -16697
-22342 8662
-22261 -28225
-22250 22931
-22196 21983
-22186 -22460
-22159 19317
-22046 9881
-21982 -1231
-21971 24898
-21822 -15473
-21789 -11913
-21773 19759
-21759 -3224
-21757 22494
-21727 17754
-21682 -25883
-21583 12248
-21523 15048
-21396 -4877
-21370 13747
-21363 23332
-21328 -21342
-21303 -29786
-21125 -5510
-21100 -23252
-21098 -28513
-20949 21022
-20909 8515
-20888 -23515
-20863 10326
-20817 10508
-20792 -17838
-20557 23593
-20425 22918
-20318 20053
-20300 24786
-20178 25237
-20174 -14324
-20147 2540
-20068 21128
-19999 -281
-19935 24283
-19902 17230
-19877 -15604
-19817 -9047
-19807 -20611
-19791 -20101
-19772 7849
-19693 -6982
-19611 -25873
-19576 1043
-19516 12383
-19377 -6256
-19366 3018
-19351 -2350
-19229 -1850
-19229 1748
-19214 -15620
-19202 19702
-19092 -4739
-19043 -25784
-19002 17816
-18989 -13952
-18986 -22875
-18961 9929
-18940 20343
-18928 -8665
-18899 -2536
-18830 7254
-18824 6483
-18769 -13605
-18726 1129
-18697 -6704
-18688 27107
-18646 -29416
-18641 13718
-18608 -27583
-18519 25141
-18442 1338
-18440 -23007
-18391 -2196
-18255 -7518
-18237 -2549
-18229 -27220
-18217 16405
-18006 -2763
-17981 -4408
-17930 28030
-17829 28277
-17803 17768
-17743 -25263
-17714 428
-17688 -19992
-17688 620
-17658 -15570
-17643 14857
-17627 11419
-17610 -17038
-17578 12220
-17577 -16080
-17557 11989
-17532 -10221
-17520 12782
-17509 23324
-17442 1856
-17417 20043
-17339 19765
-17328 29421
-17296 -26992
-17270 -7088
-17245 -26797
-17203 -29813
-17155 -19566
-17155 -17539
-17146 -24792
-17025 16064
-17003 -9456
-16995 20689
-16953 -19035
-16824 6649
-16812 -25975
-16775 2842
-16738 -28470
-16682 19715
-16672 15956
-16658 7034
-16602 756
-16550 -25475
-16547 -2075
-16478 -18534
-16458 400
-16452 -19284
-16380 -26816
-16305 -20789
-16173 -9316
-16129 4094
-16007 17798
-15979 3060
-15961 -22967
-15894 -11157
-15857 23571
-15648 -25736
-15627 -27361
-15611 -2037
-15597 -17244
-15555 17491
-15550 -11627
-15519 9711
-15513 -17558
-15493 21585
-15409 -1384
-15349 -9538
-15342 25326
-15256 18829
-15134 12524
-15055 23509
-15002 6409
-15000 1111
-14904 -26949
-14889 17798
-14882 164
-14510 27257
-14504 26976
-14381 -29059
-14381 24047
-14376 29406
-14345 -14421
-14223 17059
-14141 5489
-14133 -18826
-14101 9808
-14014 15361
-14000 -19777
-13979 20444
-13958 25669
-13829 13448
-13751 -25933
-13649 -28798
-13618 10353
-13600 29552
-13576 -17374
-13559 -4054
-13557 727
-13500 -17538
-13460 -21684
-13381 18585
-13340 -17747
-13338 -11270
-13311 -8304
-13290 -17140
-13261 -12295
-13248 16141
-13212 9008
-13186 -21591
-13069 -26138
-13057 -6915
-13039 -25952
-13002 10923
-12942 -25747
-12932 24221
-12913 -14677
-12905 -26639
-12897 -4220
-12876 -6613
-12859 15489
-12818 23402
-12782 27756
-12760 11145
-12738 -6668
-12711 -9691
-12710 -20690
-12693 11462
-12674 26093
-12556 8532
-12470 -29915
-12428 -11890
-12427 9016
-12405 -18548
-12401 -1838
-12361 -26575
-12342 14866
-12308 -4408
-12162 11935
-12059 14320
-12029 23820
-11952 15564
-11913 -7424
-11896 -10449
-11878 28167
-11844 -26578
-11819 -18941
-11786 21014
-11685 14566
-11665 2617
-11657 7473
-11577 -12173
-11345 -20021
-11330 -15869
-11325 -7856
-11213 9782
-11173 19428
-11158 -16011
-11137 16755
-11081 2393
-11079 -645
-10949 -29751
-10863 -20444
-10858 -2503
-10825 -1491
-10791 19746
-10746 -20570
-10585 -7477
-10534 -28059
-10527 -8635
-10517 28666
-10471 5717
-10424 9764
-10418 4026
-10415 8158
-10311 -27443
-10291 -26481
-10291 -21427
-10178 24596
-10161 -23560
-10082 -2903
-10053 16881
-10023 -27079
-9997 19468
-9924 28368
-9910 470
-9874 26184
-9841 20622
-9796 -3394
-9793 -10512
-9749 19395
-9746 187
-9693 15107
-9686 -1175
-9678 -4224
-9634 6901
-9600 -23252
-9539 17234
-9536 -18903
-9530 -27287
-9512 8202
-9412 23438
-9388 3804
-9387 -6009
-9306 14486
-9276 -2094
-9243 -27849
-9231 -19352
-9167 -10448
-9164 -11774
-9145 3651
-9115 -1285
-9090 -12413
-9056 -7014
-9029 1039
-9026 -26633
-8980 11395
-8966 -9138
-8948 -9312
-8912 -26783
-8885 -17694
-8807 -22067
-8805 -14382
-8722 -21357
-8711 12510
-8667 -23701
-8665 27835
-8637 24810
-8607 -25596
-8535 28032
-8505 -28400
-8473 15734
-8427 7391
-8423 -11356
-8421 -7114
-8374 -28728
-8353 22457
-8352 12051
-8341 2470
-8337 16410
-8267 -6361
-8249 21614
-8230 3878
-8117 21711
-8101 -4710
-8076 -20296
-8063 12982
-8048 -20350
-8026 -2925
-8003 6223
-8003 27491
-7964 7117
-7958 -6383
-7871 -18053
-7871 20686
-7766 -573
-7652 -21506
-7646 -20130
-7630 27903
-7624 -23831
-7592 -24187
-7583 7894
-7576 3035
-7558 8987
-7552 -28582
-7544 -21635
-7538 3834
-7507 -26723
-7486 -20194
-7481 -5393
-7465 -28040
-7463 23877
-7444 4526
-7428 20793
-7384 27138
-7382 -6769
-7371 -21648
-7359 -1559
-7225 27322
-7157 2422
-7127 -7064
-7122 -19643
-7010 -372
-6882 16791
-6843 -1267
-6821 -5515
-6754 28714
-6656 -11529
-6626 -28151
-6565 -29175
-6513 -1812
-6500 29519
-6470 -28606
-6252 19715
-6215 -25919
-6201 14056
-6181 -530
-6177 20272
-6158 -7810
-6131 19766
-6108 -5818
-6099 -22066
-6077 -603
-6070 15709
-6003 3403
-5814 4679
-5783 7986
-5689 27863
-5660 -5334
-5543 23699
-5534 17173
-5519 9136
-5506 -27876
-5470 12482
-5468 -8673
-5427 -13586
-5397 -12739
-5370 13031
-5309 16635
-5278 14190
-5223 -3187
-5163 -6005
-5057 7066
-4969 15918
-4927 25265
-4884 -27343
-4703 -2948
-4700 15552
-4664 10852
-4638 27325
-4593 -13934
-4576 27970
-4517 -10714
-4476 -1
-4455 -5168
-4415 -17814
-4346 13022
-4345 27656
-4309 -5182
-4211 -22651
-4207 29520
-4178 2001
-4138 9469
-4134 23638
-4118 6746
-4095 -1423
-4040 11856
-3997 13487
-3976 7115
-3971 -8521
-3960 13423
-3935 5245
-3932 1555
-3918 -21200
-3836 23646
-3834 8595
-3757 -16550
-3751 12424
-3660 19949
-3601 15531
-3585 8010
-3547 5645
-3504 -10762
-3492 23201
-3471 -11094
-3452 -4789
-3367 -4178
-3307 -26174
-3260 -3812
-3245 21135
-3224 -16691
-3160 15040
-3145 10483
-3145 12425
-3108 9618
-3055 27438
-2977 29636
-2975 24654
-2944 23523
-2887 -25578
-2883 -21882
-2851 19373
-2743 -27497
-2681 5282
-2654 6284
-2640 1797
-2609 -22025
-2585 16606
-2579 -21456
-2538 21886
-2533 -6969
-2514 12095
-2485 -6335
-2469 -8884
-2430 -8297
-2373 -23383
-2365 1516
-2334 -17550
-2213 24851
-2064 -25512
-2040 -24310
-2033 -9463
-2031 18514
-1988 -17647
-1966 -27257
-1940 21149
-1924 9976
-1875 24022
-1873 16833
-1860 8844
-1837 14944
-1830 -1088
-1731 -26196
-1669 20360
-1635 -8125
-1579 -5084
-1532 -14963
-1528 -3968
-1510 2712
-1502 19163
-1490 5233
-1482 27019
-1477 18937
-1463 -20212
-1439 -11913
-1372 27587
-1321 -1956
-1319 12038
-1293 6754
-1239 5386
-1236 12067
-1205 2997
-1152 14224
-1148 -16123
-1118 21674
-983 15440
-962 -5896
-897 5990
-801 -2185
-787 -25479
-752 19441
-726 -18109
-703 -1009
-651 10148
-585 -22235
-571 20455
-560 -12125
-560 17996
-521 15489
-516 -21125
-508 -15066
-413 -18142
-409 9337
-349 -25853
-338 -8107
-161 -23940
-149 -2980
-148 -24270
-138 26183
-124 -10280
-121 29498
-115 18492
-104 5452
-21 -25963
-12 -180
31 -20508
36 -21207
46 25027
130 6749
280 -1362
334 -28180
353 -28294
398 -1350
425 -18017
459 5228
488 -28522
488 14420
535 19257
551 743
560 29075
561 14606
590 -3434
595 -18558
601 4048
606 -12732
661 -17425
719 -15523
766 15237
786 -4538
795 24265
801 3837
816 -12123
890 -12288
902 -11627
993 -7028
995 -13018
1023 25282
1095 -6430
1128 18006
1140 -8815
1287 709
1346 -26529
1358 28839
1365 3522
1393 16349
1410 -13048
1463 -15399
1541 2628
1582 16602
1628 -9320
1636 24599
1694 -3874
1714 27655
1736 -4550
1739 -15538
1825 -24087
1831 10556
1857 -6924
1881 2095
1893 -29887
1894 -22226
1917 10062
1937 -29500
1937 -16477
1977 -28585
1982 -22655
2026 -4929
2029 -6629
2116 -7868
2152 25343
2187 -23697
2207 13690
2228 -1372
2308 9920
2402 -22320
2432 -9951
2442 8870
2459 -28308
2493 -1760
2512 -26371
2586 20431
2621 6732
2663 10177
2675 26530
2707 8750
2724 15665
2760 -26271
2764 7566
2900 12622
2947 -14897
2979 -9984
3015 23384
3093 17757
3119 10735
3124 -17494
3133 -21348
3154 -7441
3180 -26514
3182 4720
3290 7355
3293 -20076
3369 -21156
3412 -23350
3554 -17694
3574 -9579
3591 -14496
3611 12632
3627 -22463
3752 11920
3757 -21810
3833 25852
3849 -20518
3883 27828
3915 12358
3976 1373
4003 13295
4029 -5126
4031 -3857
4035 27531
4213 -26057
4328 29304
4438 10199
4448 19146
4455 505
4514 28854
4589 -16674
4659 25142
4689 -20739
4713 -19181
4726 -18046
4752 14345
4924 -29792
4980 19378
4981 -17278
4997 -2863
5019 28089
5046 14097
5051 -9524
5069 907
5091 -12204
5101 2542
5109 -26941
5144 -13269
5167 -19580
5231 -27904
5246 -5633
5246 8125
5297 16026
5465 -22179
5502 -21534
5559 12645
5577 9737
5595 -244
5677 -13812
5720 1839
5791 -26536
5812 -28266
5818 -58
5824 -10175
5835 19474
5860 -12606
5861 18660
5882 24118
5904 22488
5995 10877
6015 2235
6038 -27253
6083 9435
6120 16362
6144 4614
6174 -13733
6176 -5353
6177 9480
6189 24112
6217 -28152
6227 -26135
6247 22523
6350 -6182
6359 3587
6361 -29146
6404 4831
6405 28526
6409 -822
6522 2607
6539 -28149
6546 -1883
6548 -29614
6558 -2180
6581 16305
6650 21621
6720 7763
6743 77
6753 515
6791 -6680
6872 -13509
6887 -29269
7013 -29876
7040 22257
7090 5854
7100 -26719
7150 -13030
7166 5875
7241 12496
7306 -5718
7324 4175
7342 -28909
7365 -4978
7389 -2012
7408 -19780
7456 -13365
7501 -27749
7613 -7163
7713 3633
7751 27063
7754 -27144
7791 -17392
7881 9887
7936 6950
7943 -7057
7985 22075
8115 5268
8254 -9956
8271 -16292
8304 -5708
8335 -1509
8378 28472
8446 -8877
8501 19291
8556 18090
8595 18556
8647 20404
8663 22226
8676 10685
8685 8034
8687 22888
8805 20320
8839 -841
8861 -24319
8864 -28522
8882 22999
8900 -4181
8904 -27227
8978 -966
8982 9412
9011 -6244
9066 19662
9116 -24097
9143 -28066
9357 -25048
9367 -19655
9449 -14042
9456 -14112
9612 -6496
9620 -23375
9743 -28043
9788 -9933
9887 20285
9911 9801
9913 -4778
9956 -7621
10090 7556
10095 5935
10111 -14163
10159 28125
10167 24899
10182 3949
10239 17499
10256 -1174
10315 11303
10326 -21747
10329 1979
10382 7142
10385 -17716
10390 29502
10408 -16496
10416 842
10452 29031
10524 8381
10529 -27474
10575 19175
10607 -13570
10636 -4303
10642 8960
10759 7426
10791 27091
10818 28924
10914 21187
10920 10355
10956 -22144
10958 -11456
10970 19455
11082 -608
11106 -3005
11140 -22689
11146 22715
11156 5545
11211 -14076
11226 17481
11250 -23970
11283 -28739
11293 17787
11362 -18222
11390 -2659
11518 -1138
11527 22377
11531 -26782
11539 16315
11602 -12781
11622 -21393
11640 -28505
11685 22260
11724 24153
11737 -25425
11747 -6310
11751 11744
11793 28964
11864 -29077
11878 -2794
11925 23100
11945 22492
12000 26875
12003 -14767
12035 20368
12095 10455
12115 27306
12215 -18054
12258 -5207
12303 -25073
12345 -19131
12358 11204
12459 2225
12473 -29824
12507 -15198
12562 -947
12600 -16283
12602 -2462
12607 25936
12613 -8884
12704 -568
12710 28043
12814 7965
12839 -20238
12881 27169
12891 2804
13016 11273
13025 -38
13117 6152
13180 4636
13180 12562
13211 -26218
13258 9858
13258 11788
13297 -1969
13350 -20051
13351 16248
13363 11255
13438 -28875
13529 -18098
13550 13576
13645 11729
13652 -11801
13675 6220
13689 -23786
13725 -22553
13741 28973
13761 29809
13778 29577
13825 15813
13895 -28263
13950 20669
14139 -1175
14141 15655
14244 -3234
14334 24569
14414 -7132
14428 25289
14436 23992
14510 -25837
14560 26203
14661 10901
14664 5286
14834 -26881
14876 -20283
14912 11791
14921 -23565
14964 -10129
15125 7960
15127 -8615
15231 14391
15234 -12341
15245 -2662
15264 -24543
15291 -29360
15332 -23080
15334 3502
15340 -13691
15352 -26787
15407 10477
15441 10617
15455 26006
15458 -7895
15587 -25397
15634 10684
15733 -25056
15742 16180
15858 739
15887 -4884
15893 9965
15907 14578
15915 -24325
15956 11064
16013 -11504
16052 -10040
16101 -325
16132 -26059
16140 17821
16152 28033
16190 -16196
16266 -11482
16285 -6281
16311 1844
16320 27700
16328 -19524
16379 10485
16558 -24048
16563 3023
16611 -8250
16679 8367
16837 -2586
16898 13525
16905 -18712
16918 -9361
16920 -3984
16951 29762
16971 -14114
16971 21670
16992 -16864
17005 -24224
17045 -24558
17060 -27038
17064 11461
17097 15532
17170 5779
17249 1987
17331 -6011
17355 -18813
17356 -1949
17403 -21706
17415 -20425
17433 28036
17443 -19762
17444 19460
17449 1958
17476 5148
17522 26485
17578 -23526
17587 9953
17589 1511
17690 27450
17693 25444
17700 -20115
17721 -29602
17874 -25390
17905 -17560
17986 25721
18089 12279
18091 23040
18093 19663
18107 -15256
18108 13374
18140 -432
18171 19951
18340 29972
18404 14802
18420 -23334
18443 5941
18479 11551
18556 -28729
18639 -3992
18664 12742
18685 20880
18722 12257
18777 15811
18872 13076
18893 -2721
18912 10748
18920 -21423
18979 7396
19004 -27383
19108 -27061
19112 1501
19116 -22138
19168 -1693
19201 -24424
19208 12102
19237 -8433
19245 -17634
19246 -6856
19253 -4335
19298 -12707
19306 -10374
19335 4737
19359 -21869
19392 15673
19405 4354
19425 -17329
19471 14837
19573 -16802
19599 -15051
19670 28758
19691 20712
19703 -27814
19739 3553
19826 -19312
19847 2900
19851 20926
19891 10819
19918 -1287
20024 12682
20042 13260
20056 18492
20123 11523
20154 -46
20332 8261
20567 -14604
20713 -7385
20747 18502
20748 -18447
20766 -5322
20771 24509
20781 -6331
20824 26192
20909 -14542
20923 5224
20968 4705
21040 20863
21128 19039
21131 -4444
21158 -11379
21164 11375
21285 -10300
21340 -27841
21358 19281
21362 -19777
21393 -3878
21401 9974
21414 -4829
21699 7363
21708 7470
21778 -11921
21787 -18427
21839 -21427
21841 14597
21864 8632
21883 18064
21915 -8594
21923 24159
21941 8796
21962 20854
21965 563
21967 -22929
21995 -4895
22067 -28319
22094 -13880
22125 -7647
22170 1885
22189 10213
22198 -15810
22207 9434
22217 -24284
22251 19989
22289 -8359
22292 20946
22390 -22252
22452 -22524
22460 24663
22485 8553
22529 -24817
22533 1981
22557 10218
22621 -21265
22642 9475
22754 4016
22795 -8095
22797 15008
22836 -4929
22866 9071
22946 14375
22952 -14723
22956 9275
23025 -29274
23059 19775
23113 7161
23121 21927
23134 -24524
23178 -4395
23182 24617
23186 -26229
23229 -760
23231 -12363
23324 -22134
23339 25753
23363 8691
23403 -10860
23493 11973
23603 -21473
23685 24103
23694 1812
23736 -14507
23797 -14148
23876 -17717
23898 15078
23916 -28583
23952 -22675
23980 24133
24011 29057
24029 -15906
24049 -8909
24190 -9766
24222 2468
24277 -14602
24281 26862
24300 -27994
24343 21905
24345 -19999
24529 -86
24543 21251
24550 16382
24658 29090
24660 16401
24674 -13998
24697 2308
24771 -15854
24793 -9689
24867 -8414
24872 20634
24886 7458
24921 1006
24949 25333
24971 16484
24996 -18016
25120 1654
25173 3568
25209 -18808
25215 -17546
25221 8409
25238 -24131
25259 14180
25270 -23819
25285 -17854
25300 27218
25349 4639
25373 -28814
25453 29631
25461 22806
25670 -1125
25742 -13249
25803 3590
25969 -2720
26008 9474
26018 17783
26035 29451
26055 18604
26060 23175
26100 5452
26103 -5656
26358 -23088
26423 26356
26519 -25467
26526 -19473
26560 -29816
26605 -10431
26682 13058
26701 -26626
26707 6788
26728 -22968
26777 -8990
26952 -3265
27029 -28344
27078 -6927
27126 18404
27163 18877
27251 13391
27383 16931
27403 24213
27480 -25919
27487 -12240
27550 -6005
27622 -15287
27653 -17253
27745 -25125
27753 19438
27770 10411
27800 -13462
27802 18022
27805 -2378
27913 11073
27920 7310
27972 18832
28041 -29129
28057 -25847
28061 609
28115 29607
28151 18053
28247 12164
28247 13513
28289 -26352
28325 19135
28338 5685
28349 27227
28411 -2544
28490 11349
28511 -19225
28589 10575
28601 -24683
28676 25029
28699 2559
28725 7834
28726 26980
28739 16637
28777 13613
28826 26113
28855 26310
28888 -13736
28904 -5656
28908 -28323
28958 -8073
28965 8255
29059 7791
29128 -15531
29255 -12085
29280 -26953
29335 3771
29364 1204
29379 -25790
29409 8310
29409 18018
29423 -27576
29440 -5615
29540 22536
29553 -4445
29653 16580
29667 -12594
29752 11816
29764 5241
29774 23672
29809 -19773
29815 -22604
29831 -21680
29839 26626
29886 -1201
29893 17628
29904 18202
29913 13641
