9
0
0
0
0
0
0
6
0
8
0
8
0
4
0
0
0
0
38
0
0
0
0
0
11
5
0
0
0
0
0
0
0
14
0
0
11
40
17
0
0
0
39
0
0
0
0
0
0
0
0
0
0
0
0
0
0
0
0
11
0
0
0
8
0
0
16
0
0
0
0
10
0
0
0
0
0
43
7
0
0
13
0
0
0
0
0
0
0
0
0
0
7
0
39
0
10
0
0
0
9
0
0
9
0
0
12
0
0
0
0
0
0
0
13
0
0
0
7
11
0
0
0
0
0
0
0
0
0
0
0
0
0
0
0
0
13
0
0
0
0
0
13
0
0
14
0
0
10
10
13
0
0
0
0
11
0
0
0
8
0
0
0
0
0
0
0
0
0
0
0
10
0
0
0
0
0
0
0
1
0
0
10
0
0
0
0
0
1
0
15
5
0
0
0
0
0
0
0
0
0
0
9
0
0
8
0
0
0
0
13
0
0
0
0
0
0
0
0
42
0
0
0
0
0
0
0
0
0
0
0
8
0
0
0
0
0
0
0
4
11
0
0
0
0
0
0
0
0
0
40
0
0
0
13
0
0
0
0
0
0
9
0
38
0
16
0
44
7
0
0
0
0
11
0
0
0
0
12
0
0
0
0
0
0
0
0
0
0
0
0
0
0
0
0
0
39
39
0
9
12
0
0
18
0
0
0
9
0
0
0
8
0
0
6
0
0
0
0
0
0
0
0
0
9
0
9
15
11
0
7
0
37
0
0
0
15
0
0
0
0
0
0
0
0
0
0
0
0
0
0
0
0
0
0
0
0
0
0
0
0
0
0
38
7
0
0
0
0
11
0
0
0
10
9
0
0
7
0
0
0
0
13
11
0
0
0
0
0
6
0
0
12
0
0
0
0
0
6
0
6
37
0
7
0
0
0
11
0
0
0
13
0
0
0
0
0
0
0
0
0
0
0
0
0
7
8
8
0
0
6
0
0
0
0
0
0
11
0
0
0
0
0
0
8
0
0
0
0
0
0
0
0
0
0
0
0
0
40
6
14
0
0
0
38
0
0
15
43
0
40
0
6
0
0
0
15
0
0
0
0
0
0
0
0
0
0
0
0
0
0
0
0
0
0
0
0
0
0
0
0
0
0
8
0
0
7
0
0
0
0
0
0
0
0
0
0
0
0
0
0
0
0
0
0
0
0
0
0
10
17
0
0
0
0
0
9
12
45
0
0
0
15
0
0
0
0
0
0
0
0
0
0
39
0
5
37
0
0
0
0
0
0
0
0
0
0
0
0
0
0
0
0
0
0
6
0
0
0
0
0
0
0
0
0
0
0
0
0
0
0
0
0
0
0
6
12
0
9
0
0
0
0
0
0
0
0
8
6
0
0
7
0
0
0
0
0
0
6
0
0
0
0
0
10
0
0
0
8
0
0
0
0
1
0
0
0
0
0
0
0
0
0
0
0
0
0
42
0
0
0
0
0
0
0
0
14
0
0
7
0
0
18
0
1
11
0
0
0
13
12
0
0
0
0
10
0
0
0
38
0
0
0
0
0
0
0
8
0
0
0
0
0
0
0
0
0
8
0
8
0
8
0
7
0
11
0
0
0
0
13
0
0
0
0
0
0
0
16
0
0
0
0
0
0
0
0
0
0
0
0
8
7
0
5
0
0
0
0
0
12
0
0
0
12
0
8
0
0
0
0
0
0
0
0
0
0
0
0
0
0
11
0
0
1
0
11
0
0
0
19
0
40
0
0
0
0
40
0
0
0
0
0
39
12
0
7
0
12
0
0
12
7
7
0
0
0
0
0
0
36
0
14
0
39
0
0
0
0
0
0
0
12
0
0
17
0
0
0
0
0
8
0
0
0
0
0
0
0
0
0
0
0
0
0
0
0
3
10
0
0
0
0
0
16
0
0
0
0
0
38
0
9
0
0
0
10
0
0
0
0
0
0
0
0
0
0
0
9
0
0
0
9
13
0
0
0
0
0
0
0
0
0
0
0
0
13
0
0
13
0
0
7
0
0
0
0
9
41
13
0
0
0
0
0
0
0
0
0
0
6
0
0
0
0
0
0
0
0
0
0
0
0
12
0
0
0
37
0
0
0
0
0
0
0
17
0
0
0
0
0
0
0
0
0
0
0
0
0
0
0
0
37
0
7
0
0
0
9
0
0
0
0
0
0
0
0
0
0
0
0
0
0
7
0
12
0
8
0
0
12
39
0
44
12
0
0
0
0
0
0
0
0
0
0
0
40
0
37
9
